"session","zone","state","lga","ward","school","gender","disability_scope","exam_body","institution_type","ss3_total","o_level_candidates","utme_participants","admitted_students","matriculated_students","delayed_transition_students","median_time_to_matriculation_years","loss_ss3_to_olevel","loss_olevel_to_utme","loss_utme_to_admitted","loss_admitted_to_matriculated"
"2019/2020","North West","Kano","Dala","Adakawa","Community Secondary School, Adakawa","Female","all","NABTEB","University","143","141","89","29","20","9","1.8","2","52","60","9"
"2019/2020","North West","Kano","Dala","Adakawa","Community Secondary School, Adakawa","Female","all","NECO","University","280","276","168","57","51","6","1.8","4","108","112","6"
"2019/2020","North West","Kano","Dala","Adakawa","Community Secondary School, Adakawa","Female","all","WAEC","University","399","393","241","85","78","7","1.8","6","152","157","7"
"2019/2020","North West","Kano","Dala","Adakawa","Community Secondary School, Adakawa","Female","disabled","NABTEB","University","14","14","8","0","0","0","1.8","0","6","8","0"
"2019/2020","North West","Kano","Dala","Adakawa","Community Secondary School, Adakawa","Female","disabled","NECO","University","25","25","13","6","6","0","1.8","0","12","6","0"
"2019/2020","North West","Kano","Dala","Adakawa","Community Secondary School, Adakawa","Female","disabled","WAEC","University","41","40","22","6","7","0","1.8","1","18","17","0"
"2019/2020","North West","Kano","Dala","Adakawa","Community Secondary School, Adakawa","Male","all","NABTEB","University","154","152","85","19","20","0","1.8","2","67","66","0"
"2019/2020","North West","Kano","Dala","Adakawa","Community Secondary School, Adakawa","Male","all","NECO","University","292","288","175","43","37","6","1.8","4","113","133","6"
"2019/2020","North West","Kano","Dala","Adakawa","Community Secondary School, Adakawa","Male","all","WAEC","University","402","396","241","61","52","9","1.8","6","155","180","9"
"2019/2020","North West","Kano","Dala","Adakawa","Community Secondary School, Adakawa","Male","disabled","NABTEB","University","13","13","7","0","0","0","1.8","0","6","7","0"
"2019/2020","North West","Kano","Dala","Adakawa","Community Secondary School, Adakawa","Male","disabled","NECO","University","30","30","18","0","0","0","1.8","0","12","18","0"
"2019/2020","North West","Kano","Dala","Adakawa","Community Secondary School, Adakawa","Male","disabled","WAEC","University","37","36","19","0","0","0","1.8","1","17","19","0"
"2019/2020","North West","Kano","Dala","Adakawa","Comprehensive High School, Adakawa","Female","all","NABTEB","College of Education","60","59","36","10","10","0","2.1","1","23","26","0"
"2019/2020","North West","Kano","Dala","Adakawa","Comprehensive High School, Adakawa","Female","all","NECO","College of Education","107","105","60","14","15","0","2.0","2","45","47","0"
"2019/2020","North West","Kano","Dala","Adakawa","Comprehensive High School, Adakawa","Female","all","WAEC","College of Education","138","136","87","30","26","4","2.0","2","49","58","4"
"2019/2020","North West","Kano","Dala","Adakawa","Comprehensive High School, Adakawa","Female","disabled","NABTEB","College of Education","13","13","7","0","0","0","2.1","0","6","7","0"
"2019/2020","North West","Kano","Dala","Adakawa","Comprehensive High School, Adakawa","Female","disabled","NECO","College of Education","14","14","7","0","0","0","2.0","0","7","7","0"
"2019/2020","North West","Kano","Dala","Adakawa","Comprehensive High School, Adakawa","Female","disabled","WAEC","College of Education","14","14","9","6","7","0","2.0","0","5","4","0"
"2019/2020","North West","Kano","Dala","Adakawa","Comprehensive High School, Adakawa","Male","all","NABTEB","College of Education","64","63","40","10","10","0","2.1","1","23","31","0"
"2019/2020","North West","Kano","Dala","Adakawa","Comprehensive High School, Adakawa","Male","all","NECO","College of Education","130","128","75","21","22","0","2.0","2","53","55","0"
"2019/2020","North West","Kano","Dala","Adakawa","Comprehensive High School, Adakawa","Male","all","WAEC","College of Education","142","140","81","18","13","5","2.0","2","59","64","5"
"2019/2020","North West","Kano","Dala","Adakawa","Comprehensive High School, Adakawa","Male","disabled","NABTEB","College of Education","14","14","8","0","0","0","2.1","0","6","8","0"
"2019/2020","North West","Kano","Dala","Adakawa","Comprehensive High School, Adakawa","Male","disabled","NECO","College of Education","14","14","7","0","0","0","2.0","0","7","7","0"
"2019/2020","North West","Kano","Dala","Adakawa","Comprehensive High School, Adakawa","Male","disabled","WAEC","College of Education","17","17","9","0","0","0","2.0","0","8","9","0"
"2019/2020","North West","Kano","Dala","Adakawa","Government Secondary School, Adakawa","Female","all","NABTEB","College of Education","175","172","104","38","29","9","2.1","3","68","66","9"
"2019/2020","North West","Kano","Dala","Adakawa","Government Secondary School, Adakawa","Female","all","NECO","College of Education","361","356","229","78","66","12","2.0","5","127","152","12"
"2019/2020","North West","Kano","Dala","Adakawa","Government Secondary School, Adakawa","Female","all","WAEC","College of Education","470","463","290","103","92","11","2.0","7","173","188","11"
"2019/2020","North West","Kano","Dala","Adakawa","Government Secondary School, Adakawa","Female","disabled","NABTEB","College of Education","17","17","8","0","0","0","2.1","0","9","8","0"
"2019/2020","North West","Kano","Dala","Adakawa","Government Secondary School, Adakawa","Female","disabled","NECO","College of Education","42","41","24","7","7","0","2.0","1","17","18","0"
"2019/2020","North West","Kano","Dala","Adakawa","Government Secondary School, Adakawa","Female","disabled","WAEC","College of Education","56","55","32","12","13","0","2.0","1","23","21","0"
"2019/2020","North West","Kano","Dala","Adakawa","Government Secondary School, Adakawa","Male","all","NABTEB","College of Education","157","155","97","29","30","0","2.1","2","58","68","0"
"2019/2020","North West","Kano","Dala","Adakawa","Government Secondary School, Adakawa","Male","all","NECO","College of Education","303","299","186","64","51","13","2.0","4","113","123","13"
"2019/2020","North West","Kano","Dala","Adakawa","Government Secondary School, Adakawa","Male","all","WAEC","College of Education","430","424","252","85","78","7","2.0","6","172","167","7"
"2019/2020","North West","Kano","Dala","Adakawa","Government Secondary School, Adakawa","Male","disabled","NABTEB","College of Education","18","18","8","0","0","0","2.1","0","10","8","0"
"2019/2020","North West","Kano","Dala","Adakawa","Government Secondary School, Adakawa","Male","disabled","NECO","College of Education","39","38","22","0","0","0","2.0","1","16","22","0"
"2019/2020","North West","Kano","Dala","Adakawa","Government Secondary School, Adakawa","Male","disabled","WAEC","College of Education","48","47","25","6","7","0","2.0","1","22","20","0"
"2019/2020","North West","Kano","Dala","Adakawa","Unity College, Dala","Female","all","NABTEB","University","157","155","89","39","30","9","1.8","2","66","50","9"
"2019/2020","North West","Kano","Dala","Adakawa","Unity College, Dala","Female","all","NECO","University","303","299","186","71","66","5","1.8","4","113","116","5"
"2019/2020","North West","Kano","Dala","Adakawa","Unity College, Dala","Female","all","WAEC","University","399","393","231","91","85","6","1.8","6","162","141","6"
"2019/2020","North West","Kano","Dala","Adakawa","Unity College, Dala","Female","disabled","NABTEB","University","21","21","11","10","10","0","1.8","0","10","2","0"
"2019/2020","North West","Kano","Dala","Adakawa","Unity College, Dala","Female","disabled","NECO","University","38","37","21","7","7","0","1.8","1","16","15","0"
"2019/2020","North West","Kano","Dala","Adakawa","Unity College, Dala","Female","disabled","WAEC","University","52","51","28","12","13","0","1.8","1","23","17","0"
"2019/2020","North West","Kano","Dala","Adakawa","Unity College, Dala","Male","all","NABTEB","University","161","159","97","29","20","9","1.8","2","62","68","9"
"2019/2020","North West","Kano","Dala","Adakawa","Unity College, Dala","Male","all","NECO","University","312","307","179","43","37","6","1.8","5","128","137","6"
"2019/2020","North West","Kano","Dala","Adakawa","Unity College, Dala","Male","all","WAEC","University","373","367","211","73","65","8","1.8","6","156","139","8"
"2019/2020","North West","Kano","Dala","Adakawa","Unity College, Dala","Male","disabled","NABTEB","University","21","21","11","0","0","0","1.8","0","10","11","0"
"2019/2020","North West","Kano","Dala","Adakawa","Unity College, Dala","Male","disabled","NECO","University","41","40","21","0","0","0","1.8","1","19","21","0"
"2019/2020","North West","Kano","Dala","Adakawa","Unity College, Dala","Male","disabled","WAEC","University","48","47","28","6","7","0","1.8","1","19","23","0"
"2019/2020","North West","Kano","Dala","Bakin Ruwa","Community Secondary School, Bakin Ruwa","Female","all","NABTEB","College of Education","176","173","97","29","20","9","2.1","3","76","68","9"
"2019/2020","North West","Kano","Dala","Bakin Ruwa","Community Secondary School, Bakin Ruwa","Female","all","NECO","College of Education","381","375","236","71","58","13","2.0","6","139","166","13"
"2019/2020","North West","Kano","Dala","Bakin Ruwa","Community Secondary School, Bakin Ruwa","Female","all","WAEC","College of Education","398","392","228","91","85","6","2.0","6","164","137","6"
"2019/2020","North West","Kano","Dala","Bakin Ruwa","Community Secondary School, Bakin Ruwa","Female","disabled","NABTEB","College of Education","18","18","8","0","0","0","2.1","0","10","8","0"
"2019/2020","North West","Kano","Dala","Bakin Ruwa","Community Secondary School, Bakin Ruwa","Female","disabled","NECO","College of Education","37","36","21","0","0","0","2.0","1","15","21","0"
"2019/2020","North West","Kano","Dala","Bakin Ruwa","Community Secondary School, Bakin Ruwa","Female","disabled","WAEC","College of Education","41","40","22","6","7","0","2.0","1","18","17","0"
"2019/2020","North West","Kano","Dala","Bakin Ruwa","Community Secondary School, Bakin Ruwa","Male","all","NABTEB","College of Education","181","178","114","39","30","9","2.1","3","64","75","9"
"2019/2020","North West","Kano","Dala","Bakin Ruwa","Community Secondary School, Bakin Ruwa","Male","all","NECO","College of Education","346","341","204","64","58","6","2.0","5","137","141","6"
"2019/2020","North West","Kano","Dala","Bakin Ruwa","Community Secondary School, Bakin Ruwa","Male","all","WAEC","College of Education","414","408","241","79","72","7","2.0","6","167","163","7"
"2019/2020","North West","Kano","Dala","Bakin Ruwa","Community Secondary School, Bakin Ruwa","Male","disabled","NABTEB","College of Education","17","17","8","0","0","0","2.1","0","9","8","0"
"2019/2020","North West","Kano","Dala","Bakin Ruwa","Community Secondary School, Bakin Ruwa","Male","disabled","NECO","College of Education","33","32","17","7","7","0","2.0","1","15","10","0"
"2019/2020","North West","Kano","Dala","Bakin Ruwa","Community Secondary School, Bakin Ruwa","Male","disabled","WAEC","College of Education","41","40","22","6","7","0","2.0","1","18","17","0"
"2019/2020","North West","Kano","Dala","Bakin Ruwa","Comprehensive High School, Bakin Ruwa","Female","all","NABTEB","College of Education","93","92","56","29","30","0","2.1","1","36","28","0"
"2019/2020","North West","Kano","Dala","Bakin Ruwa","Comprehensive High School, Bakin Ruwa","Female","all","NECO","College of Education","211","208","136","57","51","6","2.0","3","72","80","6"
"2019/2020","North West","Kano","Dala","Bakin Ruwa","Comprehensive High School, Bakin Ruwa","Female","all","WAEC","College of Education","240","236","153","66","59","8","2.0","4","83","86","8"
"2019/2020","North West","Kano","Dala","Bakin Ruwa","Comprehensive High School, Bakin Ruwa","Female","disabled","NABTEB","College of Education","14","14","8","10","10","0","2.1","0","6","0","0"
"2019/2020","North West","Kano","Dala","Bakin Ruwa","Comprehensive High School, Bakin Ruwa","Female","disabled","NECO","College of Education","25","25","17","6","6","0","2.0","0","8","10","0"
"2019/2020","North West","Kano","Dala","Bakin Ruwa","Comprehensive High School, Bakin Ruwa","Female","disabled","WAEC","College of Education","32","32","19","6","7","0","2.0","0","13","14","0"
"2019/2020","North West","Kano","Dala","Bakin Ruwa","Comprehensive High School, Bakin Ruwa","Male","all","NABTEB","College of Education","115","113","73","19","20","0","2.1","2","40","55","0"
"2019/2020","North West","Kano","Dala","Bakin Ruwa","Comprehensive High School, Bakin Ruwa","Male","all","NECO","College of Education","227","224","147","50","44","6","2.0","3","77","97","6"
"2019/2020","North West","Kano","Dala","Bakin Ruwa","Comprehensive High School, Bakin Ruwa","Male","all","WAEC","College of Education","277","273","162","67","59","8","2.0","4","111","95","8"
"2019/2020","North West","Kano","Dala","Bakin Ruwa","Comprehensive High School, Bakin Ruwa","Male","disabled","NABTEB","College of Education","14","14","8","0","0","0","2.1","0","6","8","0"
"2019/2020","North West","Kano","Dala","Bakin Ruwa","Comprehensive High School, Bakin Ruwa","Male","disabled","NECO","College of Education","34","33","21","7","7","0","2.0","1","12","15","0"
"2019/2020","North West","Kano","Dala","Bakin Ruwa","Comprehensive High School, Bakin Ruwa","Male","disabled","WAEC","College of Education","41","40","22","6","6","0","2.0","1","18","17","0"
"2019/2020","North West","Kano","Dala","Bakin Ruwa","Government Secondary School, Bakin Ruwa","Female","all","NABTEB","College of Education","125","123","77","48","39","9","2.1","2","46","29","9"
"2019/2020","North West","Kano","Dala","Bakin Ruwa","Government Secondary School, Bakin Ruwa","Female","all","NECO","College of Education","269","265","172","71","58","13","2.0","4","93","102","13"
"2019/2020","North West","Kano","Dala","Bakin Ruwa","Government Secondary School, Bakin Ruwa","Female","all","WAEC","College of Education","315","310","192","67","59","8","2.0","5","118","125","8"
"2019/2020","North West","Kano","Dala","Bakin Ruwa","Government Secondary School, Bakin Ruwa","Female","disabled","NABTEB","College of Education","14","14","8","10","10","0","2.1","0","6","0","0"
"2019/2020","North West","Kano","Dala","Bakin Ruwa","Government Secondary School, Bakin Ruwa","Female","disabled","NECO","College of Education","26","26","17","7","7","0","2.0","0","9","11","0"
"2019/2020","North West","Kano","Dala","Bakin Ruwa","Government Secondary School, Bakin Ruwa","Female","disabled","WAEC","College of Education","32","32","19","6","6","0","2.0","0","13","14","0"
"2019/2020","North West","Kano","Dala","Bakin Ruwa","Government Secondary School, Bakin Ruwa","Male","all","NABTEB","College of Education","147","145","97","39","30","9","2.1","2","48","59","9"
"2019/2020","North West","Kano","Dala","Bakin Ruwa","Government Secondary School, Bakin Ruwa","Male","all","NECO","College of Education","315","310","186","57","51","6","2.0","5","124","129","6"
"2019/2020","North West","Kano","Dala","Bakin Ruwa","Government Secondary School, Bakin Ruwa","Male","all","WAEC","College of Education","414","408","251","85","78","7","2.0","6","157","167","7"
"2019/2020","North West","Kano","Dala","Bakin Ruwa","Government Secondary School, Bakin Ruwa","Male","disabled","NABTEB","College of Education","14","14","8","0","0","0","2.1","0","6","8","0"
"2019/2020","North West","Kano","Dala","Bakin Ruwa","Government Secondary School, Bakin Ruwa","Male","disabled","NECO","College of Education","30","30","18","0","0","0","2.0","0","12","18","0"
"2019/2020","North West","Kano","Dala","Bakin Ruwa","Government Secondary School, Bakin Ruwa","Male","disabled","WAEC","College of Education","41","40","22","6","6","0","2.0","1","18","17","0"
"2019/2020","North West","Kano","Dala","Bakin Ruwa","Unity College, Dala","Female","all","NABTEB","University","74","73","48","28","29","0","1.8","1","25","19","0"
"2019/2020","North West","Kano","Dala","Bakin Ruwa","Unity College, Dala","Female","all","NECO","University","138","136","85","36","29","7","1.8","2","51","50","7"
"2019/2020","North West","Kano","Dala","Bakin Ruwa","Unity College, Dala","Female","all","WAEC","University","162","160","101","49","46","3","1.8","2","59","52","3"
"2019/2020","North West","Kano","Dala","Bakin Ruwa","Unity College, Dala","Female","disabled","NABTEB","University","14","14","8","10","10","0","1.8","0","6","0","0"
"2019/2020","North West","Kano","Dala","Bakin Ruwa","Unity College, Dala","Female","disabled","NECO","University","18","18","10","7","7","0","1.8","0","8","4","0"
"2019/2020","North West","Kano","Dala","Bakin Ruwa","Unity College, Dala","Female","disabled","WAEC","University","21","21","12","6","7","0","1.8","0","9","7","0"
"2019/2020","North West","Kano","Dala","Bakin Ruwa","Unity College, Dala","Male","all","NABTEB","University","71","70","44","19","20","0","1.8","1","26","26","0"
"2019/2020","North West","Kano","Dala","Bakin Ruwa","Unity College, Dala","Male","all","NECO","University","130","128","78","36","29","7","1.8","2","50","43","7"
"2019/2020","North West","Kano","Dala","Bakin Ruwa","Unity College, Dala","Male","all","WAEC","University","154","152","95","30","26","4","1.8","2","57","65","4"
"2019/2020","North West","Kano","Dala","Bakin Ruwa","Unity College, Dala","Male","disabled","NABTEB","University","14","14","8","0","0","0","1.8","0","6","8","0"
"2019/2020","North West","Kano","Dala","Bakin Ruwa","Unity College, Dala","Male","disabled","NECO","University","18","18","10","7","7","0","1.8","0","8","4","0"
"2019/2020","North West","Kano","Dala","Bakin Ruwa","Unity College, Dala","Male","disabled","WAEC","University","21","21","12","6","6","0","1.8","0","9","7","0"
"2019/2020","North West","Kano","Dala","Dala","Community Secondary School, Dala","Female","all","NABTEB","Polytechnic","137","135","81","19","20","0","2.0","2","54","63","0"
"2019/2020","North West","Kano","Dala","Dala","Community Secondary School, Dala","Female","all","NECO","Polytechnic","239","235","128","28","22","6","2.0","4","107","101","6"
"2019/2020","North West","Kano","Dala","Dala","Community Secondary School, Dala","Female","all","WAEC","Polytechnic","292","288","179","55","46","9","2.0","4","109","124","9"
"2019/2020","North West","Kano","Dala","Dala","Community Secondary School, Dala","Female","disabled","NABTEB","Polytechnic","14","14","8","0","0","0","2.0","0","6","8","0"
"2019/2020","North West","Kano","Dala","Dala","Community Secondary School, Dala","Female","disabled","NECO","Polytechnic","21","21","10","0","0","0","2.0","0","11","10","0"
"2019/2020","North West","Kano","Dala","Dala","Community Secondary School, Dala","Female","disabled","WAEC","Polytechnic","32","32","19","0","0","0","2.0","0","13","19","0"
"2019/2020","North West","Kano","Dala","Dala","Community Secondary School, Dala","Male","all","NABTEB","Polytechnic","133","131","77","19","20","0","2.0","2","54","59","0"
"2019/2020","North West","Kano","Dala","Dala","Community Secondary School, Dala","Male","all","NECO","Polytechnic","246","242","132","28","22","6","2.0","4","110","105","6"
"2019/2020","North West","Kano","Dala","Dala","Community Secondary School, Dala","Male","all","WAEC","Polytechnic","338","333","202","55","52","3","2.0","5","131","148","3"
"2019/2020","North West","Kano","Dala","Dala","Community Secondary School, Dala","Male","disabled","NABTEB","Polytechnic","14","14","8","0","0","0","2.0","0","6","8","0"
"2019/2020","North West","Kano","Dala","Dala","Community Secondary School, Dala","Male","disabled","NECO","Polytechnic","25","25","13","0","0","0","2.0","0","12","13","0"
"2019/2020","North West","Kano","Dala","Dala","Community Secondary School, Dala","Male","disabled","WAEC","Polytechnic","33","33","20","6","6","0","2.0","0","13","14","0"
"2019/2020","North West","Kano","Dala","Dala","Comprehensive High School, Dala","Female","all","NABTEB","College of Education","93","92","56","19","20","0","2.1","1","36","38","0"
"2019/2020","North West","Kano","Dala","Dala","Comprehensive High School, Dala","Female","all","NECO","College of Education","138","136","75","28","22","6","2.0","2","61","48","6"
"2019/2020","North West","Kano","Dala","Dala","Comprehensive High School, Dala","Female","all","WAEC","College of Education","195","192","110","30","26","4","2.0","3","82","81","4"
"2019/2020","North West","Kano","Dala","Dala","Comprehensive High School, Dala","Female","disabled","NABTEB","College of Education","14","14","8","0","0","0","2.1","0","6","8","0"
"2019/2020","North West","Kano","Dala","Dala","Comprehensive High School, Dala","Female","disabled","NECO","College of Education","14","14","7","0","0","0","2.0","0","7","7","0"
"2019/2020","North West","Kano","Dala","Dala","Comprehensive High School, Dala","Female","disabled","WAEC","College of Education","18","18","9","0","0","0","2.0","0","9","9","0"
"2019/2020","North West","Kano","Dala","Dala","Comprehensive High School, Dala","Male","all","NABTEB","College of Education","114","112","64","19","20","0","2.1","2","48","45","0"
"2019/2020","North West","Kano","Dala","Dala","Comprehensive High School, Dala","Male","all","NECO","College of Education","160","158","96","21","15","6","2.0","2","62","75","6"
"2019/2020","North West","Kano","Dala","Dala","Comprehensive High School, Dala","Male","all","WAEC","College of Education","248","244","146","30","26","4","2.0","4","98","117","4"
"2019/2020","North West","Kano","Dala","Dala","Comprehensive High School, Dala","Male","disabled","NABTEB","College of Education","14","14","8","0","0","0","2.1","0","6","8","0"
"2019/2020","North West","Kano","Dala","Dala","Comprehensive High School, Dala","Male","disabled","NECO","College of Education","14","14","7","0","0","0","2.0","0","7","7","0"
"2019/2020","North West","Kano","Dala","Dala","Comprehensive High School, Dala","Male","disabled","WAEC","College of Education","21","21","12","0","0","0","2.0","0","9","12","0"
"2019/2020","North West","Kano","Dala","Dala","Government Secondary School, Dala","Female","all","NABTEB","University","126","124","81","29","20","9","1.8","2","43","53","9"
"2019/2020","North West","Kano","Dala","Dala","Government Secondary School, Dala","Female","all","NECO","University","211","208","121","50","44","6","1.8","3","87","72","6"
"2019/2020","North West","Kano","Dala","Dala","Government Secondary School, Dala","Female","all","WAEC","University","274","270","159","55","52","3","1.8","4","111","105","3"
"2019/2020","North West","Kano","Dala","Dala","Government Secondary School, Dala","Female","disabled","NABTEB","University","14","14","8","0","0","0","1.8","0","6","8","0"
"2019/2020","North West","Kano","Dala","Dala","Government Secondary School, Dala","Female","disabled","NECO","University","26","26","13","7","7","0","1.8","0","13","7","0"
"2019/2020","North West","Kano","Dala","Dala","Government Secondary School, Dala","Female","disabled","WAEC","University","32","32","19","6","6","0","1.8","0","13","14","0"
"2019/2020","North West","Kano","Dala","Dala","Government Secondary School, Dala","Male","all","NABTEB","University","154","152","89","29","30","0","1.8","2","63","60","0"
"2019/2020","North West","Kano","Dala","Dala","Government Secondary School, Dala","Male","all","NECO","University","272","268","164","50","44","6","1.8","4","104","114","6"
"2019/2020","North West","Kano","Dala","Dala","Government Secondary School, Dala","Male","all","WAEC","University","326","321","195","61","52","9","1.8","5","126","134","9"
"2019/2020","North West","Kano","Dala","Dala","Government Secondary School, Dala","Male","disabled","NABTEB","University","17","17","8","0","0","0","1.8","0","9","8","0"
"2019/2020","North West","Kano","Dala","Dala","Government Secondary School, Dala","Male","disabled","NECO","University","30","30","18","7","7","0","1.8","0","12","11","0"
"2019/2020","North West","Kano","Dala","Dala","Government Secondary School, Dala","Male","disabled","WAEC","University","45","44","25","6","6","0","1.8","1","19","20","0"
"2019/2020","North West","Kano","Dala","Dala","Unity College, Dala","Female","all","NABTEB","University","108","106","69","29","20","9","1.8","2","37","41","9"
"2019/2020","North West","Kano","Dala","Dala","Unity College, Dala","Female","all","NECO","University","250","246","157","57","51","6","1.8","4","89","101","6"
"2019/2020","North West","Kano","Dala","Dala","Unity College, Dala","Female","all","WAEC","University","308","303","185","73","65","8","1.8","5","118","112","8"
"2019/2020","North West","Kano","Dala","Dala","Unity College, Dala","Female","disabled","NABTEB","University","14","14","8","0","0","0","1.8","0","6","8","0"
"2019/2020","North West","Kano","Dala","Dala","Unity College, Dala","Female","disabled","NECO","University","30","30","18","7","7","0","1.8","0","12","11","0"
"2019/2020","North West","Kano","Dala","Dala","Unity College, Dala","Female","disabled","WAEC","University","41","40","22","6","6","0","1.8","1","18","17","0"
"2019/2020","North West","Kano","Dala","Dala","Unity College, Dala","Male","all","NABTEB","University","133","131","85","29","20","9","1.8","2","46","57","9"
"2019/2020","North West","Kano","Dala","Dala","Unity College, Dala","Male","all","NECO","University","285","281","176","64","58","6","1.8","4","105","112","6"
"2019/2020","North West","Kano","Dala","Dala","Unity College, Dala","Male","all","WAEC","University","395","389","257","85","78","7","1.8","6","132","173","7"
"2019/2020","North West","Kano","Dala","Dala","Unity College, Dala","Male","disabled","NABTEB","University","18","18","8","0","0","0","1.8","0","10","8","0"
"2019/2020","North West","Kano","Dala","Dala","Unity College, Dala","Male","disabled","NECO","University","41","40","24","7","7","0","1.8","1","16","17","0"
"2019/2020","North West","Kano","Dala","Dala","Unity College, Dala","Male","disabled","WAEC","University","51","50","32","6","6","0","1.8","1","18","26","0"
"2019/2020","North West","Kano","Fagge","Fagge A","Community Secondary School, Fagge A","Female","all","NABTEB","College of Education","140","138","81","29","20","9","2.1","2","57","53","9"
"2019/2020","North West","Kano","Fagge","Fagge A","Community Secondary School, Fagge A","Female","all","NECO","College of Education","243","239","137","36","29","7","2.0","4","102","101","7"
"2019/2020","North West","Kano","Fagge","Fagge A","Community Secondary School, Fagge A","Female","all","WAEC","College of Education","327","322","182","61","59","2","2.0","5","140","122","2"
"2019/2020","North West","Kano","Fagge","Fagge A","Community Secondary School, Fagge A","Female","disabled","NABTEB","College of Education","15","15","7","0","0","0","2.1","0","8","7","0"
"2019/2020","North West","Kano","Fagge","Fagge A","Community Secondary School, Fagge A","Female","disabled","NECO","College of Education","30","30","18","0","0","0","2.0","0","12","18","0"
"2019/2020","North West","Kano","Fagge","Fagge A","Community Secondary School, Fagge A","Female","disabled","WAEC","College of Education","41","40","20","6","6","0","2.0","1","20","14","0"
"2019/2020","North West","Kano","Fagge","Fagge A","Community Secondary School, Fagge A","Male","all","NABTEB","College of Education","136","134","73","19","20","0","2.1","2","61","54","0"
"2019/2020","North West","Kano","Fagge","Fagge A","Community Secondary School, Fagge A","Male","all","NECO","College of Education","258","254","143","36","29","7","2.0","4","111","108","7"
"2019/2020","North West","Kano","Fagge","Fagge A","Community Secondary School, Fagge A","Male","all","WAEC","College of Education","319","314","179","55","52","3","2.0","5","135","124","3"
"2019/2020","North West","Kano","Fagge","Fagge A","Community Secondary School, Fagge A","Male","disabled","NABTEB","College of Education","15","15","7","0","0","0","2.1","0","8","7","0"
"2019/2020","North West","Kano","Fagge","Fagge A","Community Secondary School, Fagge A","Male","disabled","NECO","College of Education","35","34","18","0","0","0","2.0","1","16","18","0"
"2019/2020","North West","Kano","Fagge","Fagge A","Community Secondary School, Fagge A","Male","disabled","WAEC","College of Education","41","40","22","6","6","0","2.0","1","18","17","0"
"2019/2020","North West","Kano","Fagge","Fagge A","Comprehensive High School, Fagge A","Female","all","NABTEB","Polytechnic","63","62","40","18","19","0","2.0","1","22","21","0"
"2019/2020","North West","Kano","Fagge","Fagge A","Comprehensive High School, Fagge A","Female","all","NECO","Polytechnic","134","132","82","36","29","7","2.0","2","50","47","7"
"2019/2020","North West","Kano","Fagge","Fagge A","Comprehensive High School, Fagge A","Female","all","WAEC","Polytechnic","150","148","94","42","39","3","2.0","2","54","53","3"
"2019/2020","North West","Kano","Fagge","Fagge A","Comprehensive High School, Fagge A","Female","disabled","NABTEB","Polytechnic","12","12","7","0","0","0","2.0","0","5","7","0"
"2019/2020","North West","Kano","Fagge","Fagge A","Comprehensive High School, Fagge A","Female","disabled","NECO","Polytechnic","15","15","11","7","7","0","2.0","0","4","4","0"
"2019/2020","North West","Kano","Fagge","Fagge A","Comprehensive High School, Fagge A","Female","disabled","WAEC","Polytechnic","14","14","9","6","6","0","2.0","0","5","4","0"
"2019/2020","North West","Kano","Fagge","Fagge A","Comprehensive High School, Fagge A","Male","all","NABTEB","Polytechnic","74","73","48","18","19","0","2.0","1","25","29","0"
"2019/2020","North West","Kano","Fagge","Fagge A","Comprehensive High School, Fagge A","Male","all","NECO","Polytechnic","146","144","94","28","22","6","2.0","2","50","66","6"
"2019/2020","North West","Kano","Fagge","Fagge A","Comprehensive High School, Fagge A","Male","all","WAEC","Polytechnic","170","167","105","42","39","3","2.0","3","62","63","3"
"2019/2020","North West","Kano","Fagge","Fagge A","Comprehensive High School, Fagge A","Male","disabled","NABTEB","Polytechnic","12","12","7","0","0","0","2.0","0","5","7","0"
"2019/2020","North West","Kano","Fagge","Fagge A","Comprehensive High School, Fagge A","Male","disabled","NECO","Polytechnic","15","15","7","0","0","0","2.0","0","8","7","0"
"2019/2020","North West","Kano","Fagge","Fagge A","Comprehensive High School, Fagge A","Male","disabled","WAEC","Polytechnic","14","14","9","6","6","0","2.0","0","5","4","0"
"2019/2020","North West","Kano","Fagge","Fagge A","Government Secondary School, Fagge A","Female","all","NABTEB","University","176","173","113","48","41","8","1.8","3","60","64","8"
"2019/2020","North West","Kano","Fagge","Fagge A","Government Secondary School, Fagge A","Female","all","NECO","University","316","311","197","64","58","6","1.8","5","114","134","6"
"2019/2020","North West","Kano","Fagge","Fagge A","Government Secondary School, Fagge A","Female","all","WAEC","University","452","445","274","109","98","11","1.8","7","171","166","11"
"2019/2020","North West","Kano","Fagge","Fagge A","Government Secondary School, Fagge A","Female","disabled","NABTEB","University","22","22","12","0","0","0","1.8","0","10","12","0"
"2019/2020","North West","Kano","Fagge","Fagge A","Government Secondary School, Fagge A","Female","disabled","NECO","University","42","41","24","7","7","0","1.8","1","17","18","0"
"2019/2020","North West","Kano","Fagge","Fagge A","Government Secondary School, Fagge A","Female","disabled","WAEC","University","52","51","32","12","13","0","1.8","1","19","21","0"
"2019/2020","North West","Kano","Fagge","Fagge A","Government Secondary School, Fagge A","Male","all","NABTEB","University","194","191","122","48","41","8","1.8","3","69","73","8"
"2019/2020","North West","Kano","Fagge","Fagge A","Government Secondary School, Fagge A","Male","all","NECO","University","320","315","201","64","58","6","1.8","5","114","137","6"
"2019/2020","North West","Kano","Fagge","Fagge A","Government Secondary School, Fagge A","Male","all","WAEC","University","440","433","257","91","85","6","1.8","7","176","166","6"
"2019/2020","North West","Kano","Fagge","Fagge A","Government Secondary School, Fagge A","Male","disabled","NABTEB","University","21","21","11","10","10","0","1.8","0","10","2","0"
"2019/2020","North West","Kano","Fagge","Fagge A","Government Secondary School, Fagge A","Male","disabled","NECO","University","38","37","21","7","7","0","1.8","1","16","15","0"
"2019/2020","North West","Kano","Fagge","Fagge A","Government Secondary School, Fagge A","Male","disabled","WAEC","University","52","51","28","12","13","0","1.8","1","23","17","0"
"2019/2020","North West","Kano","Fagge","Fagge A","Unity College, Fagge","Female","all","NABTEB","University","115","113","69","19","20","0","1.8","2","44","51","0"
"2019/2020","North West","Kano","Fagge","Fagge A","Unity College, Fagge","Female","all","NECO","University","262","258","162","64","58","6","1.8","4","96","98","6"
"2019/2020","North West","Kano","Fagge","Fagge A","Unity College, Fagge","Female","all","WAEC","University","323","318","198","67","59","8","1.8","5","120","131","8"
"2019/2020","North West","Kano","Fagge","Fagge A","Unity College, Fagge","Female","disabled","NABTEB","University","18","18","8","0","0","0","1.8","0","10","8","0"
"2019/2020","North West","Kano","Fagge","Fagge A","Unity College, Fagge","Female","disabled","NECO","University","35","34","18","7","7","0","1.8","1","16","11","0"
"2019/2020","North West","Kano","Fagge","Fagge A","Unity College, Fagge","Female","disabled","WAEC","University","41","40","22","6","6","0","1.8","1","18","17","0"
"2019/2020","North West","Kano","Fagge","Fagge A","Unity College, Fagge","Male","all","NABTEB","University","107","105","60","19","20","0","1.8","2","45","41","0"
"2019/2020","North West","Kano","Fagge","Fagge A","Unity College, Fagge","Male","all","NECO","University","227","224","137","43","37","6","1.8","3","87","94","6"
"2019/2020","North West","Kano","Fagge","Fagge A","Unity College, Fagge","Male","all","WAEC","University","289","285","172","61","52","9","1.8","4","113","112","9"
"2019/2020","North West","Kano","Fagge","Fagge A","Unity College, Fagge","Male","disabled","NABTEB","University","14","14","8","0","0","0","1.8","0","6","8","0"
"2019/2020","North West","Kano","Fagge","Fagge A","Unity College, Fagge","Male","disabled","NECO","University","35","34","18","7","7","0","1.8","1","16","11","0"
"2019/2020","North West","Kano","Fagge","Fagge A","Unity College, Fagge","Male","disabled","WAEC","University","37","36","19","6","6","0","1.8","1","17","14","0"
"2019/2020","North West","Kano","Fagge","Fagge B","Community Secondary School, Fagge B","Female","all","NABTEB","Polytechnic","122","120","73","19","20","0","2.0","2","47","55","0"
"2019/2020","North West","Kano","Fagge","Fagge B","Community Secondary School, Fagge B","Female","all","NECO","Polytechnic","238","234","143","50","44","6","2.0","4","91","93","6"
"2019/2020","North West","Kano","Fagge","Fagge B","Community Secondary School, Fagge B","Female","all","WAEC","Polytechnic","326","321","202","67","59","8","2.0","5","119","135","8"
"2019/2020","North West","Kano","Fagge","Fagge B","Community Secondary School, Fagge B","Female","disabled","NABTEB","Polytechnic","14","14","8","0","0","0","2.0","0","6","8","0"
"2019/2020","North West","Kano","Fagge","Fagge B","Community Secondary School, Fagge B","Female","disabled","NECO","Polytechnic","26","26","13","7","7","0","2.0","0","13","7","0"
"2019/2020","North West","Kano","Fagge","Fagge B","Community Secondary School, Fagge B","Female","disabled","WAEC","Polytechnic","41","40","22","6","7","0","2.0","1","18","17","0"
"2019/2020","North West","Kano","Fagge","Fagge B","Community Secondary School, Fagge B","Male","all","NABTEB","Polytechnic","140","138","77","20","20","0","2.0","2","61","58","0"
"2019/2020","North West","Kano","Fagge","Fagge B","Community Secondary School, Fagge B","Male","all","NECO","Polytechnic","247","243","144","36","29","7","2.0","4","99","108","7"
"2019/2020","North West","Kano","Fagge","Fagge B","Community Secondary School, Fagge B","Male","all","WAEC","Polytechnic","357","352","221","61","52","9","2.0","5","131","161","9"
"2019/2020","North West","Kano","Fagge","Fagge B","Community Secondary School, Fagge B","Male","disabled","NABTEB","Polytechnic","18","18","8","0","0","0","2.0","0","10","8","0"
"2019/2020","North West","Kano","Fagge","Fagge B","Community Secondary School, Fagge B","Male","disabled","NECO","Polytechnic","30","30","18","0","0","0","2.0","0","12","18","0"
"2019/2020","North West","Kano","Fagge","Fagge B","Community Secondary School, Fagge B","Male","disabled","WAEC","Polytechnic","45","44","25","6","7","0","2.0","1","19","20","0"
"2019/2020","North West","Kano","Fagge","Fagge B","Comprehensive High School, Fagge B","Female","all","NABTEB","College of Education","71","70","48","29","30","0","2.1","1","22","20","0"
"2019/2020","North West","Kano","Fagge","Fagge B","Comprehensive High School, Fagge B","Female","all","NECO","College of Education","118","116","78","35","29","7","2.0","2","38","42","7"
"2019/2020","North West","Kano","Fagge","Fagge B","Comprehensive High School, Fagge B","Female","all","WAEC","College of Education","188","185","110","42","39","3","2.0","3","75","69","3"
"2019/2020","North West","Kano","Fagge","Fagge B","Comprehensive High School, Fagge B","Female","disabled","NABTEB","College of Education","14","14","8","10","10","0","2.1","0","6","0","0"
"2019/2020","North West","Kano","Fagge","Fagge B","Comprehensive High School, Fagge B","Female","disabled","NECO","College of Education","15","15","11","7","7","0","2.0","0","4","4","0"
"2019/2020","North West","Kano","Fagge","Fagge B","Comprehensive High School, Fagge B","Female","disabled","WAEC","College of Education","21","21","12","6","7","0","2.0","0","9","7","0"
"2019/2020","North West","Kano","Fagge","Fagge B","Comprehensive High School, Fagge B","Male","all","NABTEB","College of Education","78","77","52","19","19","0","2.1","1","25","33","0"
"2019/2020","North West","Kano","Fagge","Fagge B","Comprehensive High School, Fagge B","Male","all","NECO","College of Education","160","158","100","42","36","7","2.0","2","58","57","7"
"2019/2020","North West","Kano","Fagge","Fagge B","Comprehensive High School, Fagge B","Male","all","WAEC","College of Education","206","203","133","55","52","3","2.0","3","70","79","3"
"2019/2020","North West","Kano","Fagge","Fagge B","Comprehensive High School, Fagge B","Male","disabled","NABTEB","College of Education","14","14","8","0","0","0","2.1","0","6","8","0"
"2019/2020","North West","Kano","Fagge","Fagge B","Comprehensive High School, Fagge B","Male","disabled","NECO","College of Education","19","19","11","7","7","0","2.0","0","8","4","0"
"2019/2020","North West","Kano","Fagge","Fagge B","Comprehensive High School, Fagge B","Male","disabled","WAEC","College of Education","25","25","15","6","6","0","2.0","0","10","10","0"
"2019/2020","North West","Kano","Fagge","Fagge B","Government Secondary School, Fagge B","Female","all","NABTEB","Polytechnic","112","110","60","19","20","0","2.0","2","50","42","0"
"2019/2020","North West","Kano","Fagge","Fagge B","Government Secondary School, Fagge B","Female","all","NECO","Polytechnic","191","188","114","36","29","7","2.0","3","74","78","7"
"2019/2020","North West","Kano","Fagge","Fagge B","Government Secondary School, Fagge B","Female","all","WAEC","Polytechnic","256","252","149","36","33","3","2.0","4","103","114","3"
"2019/2020","North West","Kano","Fagge","Fagge B","Government Secondary School, Fagge B","Female","disabled","NABTEB","Polytechnic","12","12","7","0","0","0","2.0","0","5","7","0"
"2019/2020","North West","Kano","Fagge","Fagge B","Government Secondary School, Fagge B","Female","disabled","NECO","Polytechnic","19","19","11","7","7","0","2.0","0","8","4","0"
"2019/2020","North West","Kano","Fagge","Fagge B","Government Secondary School, Fagge B","Female","disabled","WAEC","Polytechnic","25","25","12","0","0","0","2.0","0","12","12","0"
"2019/2020","North West","Kano","Fagge","Fagge B","Government Secondary School, Fagge B","Male","all","NABTEB","Polytechnic","104","102","56","10","10","0","2.0","2","46","46","0"
"2019/2020","North West","Kano","Fagge","Fagge B","Government Secondary School, Fagge B","Male","all","NECO","Polytechnic","160","158","93","21","15","6","2.0","2","65","72","6"
"2019/2020","North West","Kano","Fagge","Fagge B","Government Secondary School, Fagge B","Male","all","WAEC","Polytechnic","241","237","130","42","39","3","2.0","4","107","89","3"
"2019/2020","North West","Kano","Fagge","Fagge B","Government Secondary School, Fagge B","Male","disabled","NABTEB","Polytechnic","12","12","7","0","0","0","2.0","0","5","7","0"
"2019/2020","North West","Kano","Fagge","Fagge B","Government Secondary School, Fagge B","Male","disabled","NECO","Polytechnic","15","15","7","0","0","0","2.0","0","8","7","0"
"2019/2020","North West","Kano","Fagge","Fagge B","Government Secondary School, Fagge B","Male","disabled","WAEC","Polytechnic","25","25","12","6","7","0","2.0","0","12","7","0"
"2019/2020","North West","Kano","Fagge","Fagge B","Unity College, Fagge","Female","all","NABTEB","University","115","113","73","29","20","9","1.8","2","40","45","9"
"2019/2020","North West","Kano","Fagge","Fagge B","Unity College, Fagge","Female","all","NECO","University","223","220","133","57","51","6","1.8","3","87","76","6"
"2019/2020","North West","Kano","Fagge","Fagge B","Unity College, Fagge","Female","all","WAEC","University","308","303","185","78","72","7","1.8","5","118","106","7"
"2019/2020","North West","Kano","Fagge","Fagge B","Unity College, Fagge","Female","disabled","NABTEB","University","12","12","7","0","0","0","1.8","0","5","7","0"
"2019/2020","North West","Kano","Fagge","Fagge B","Unity College, Fagge","Female","disabled","NECO","University","21","21","13","6","6","0","1.8","0","8","6","0"
"2019/2020","North West","Kano","Fagge","Fagge B","Unity College, Fagge","Female","disabled","WAEC","University","29","29","15","6","7","0","1.8","0","14","10","0"
"2019/2020","North West","Kano","Fagge","Fagge B","Unity College, Fagge","Male","all","NABTEB","University","118","116","77","29","20","9","1.8","2","39","48","9"
"2019/2020","North West","Kano","Fagge","Fagge B","Unity College, Fagge","Male","all","NECO","University","199","196","118","49","44","6","1.8","3","78","68","6"
"2019/2020","North West","Kano","Fagge","Fagge B","Unity College, Fagge","Male","all","WAEC","University","274","270","166","61","52","9","1.8","4","104","106","9"
"2019/2020","North West","Kano","Fagge","Fagge B","Unity College, Fagge","Male","disabled","NABTEB","University","12","12","7","0","0","0","1.8","0","5","7","0"
"2019/2020","North West","Kano","Fagge","Fagge B","Unity College, Fagge","Male","disabled","NECO","University","18","18","10","7","7","0","1.8","0","8","4","0"
"2019/2020","North West","Kano","Fagge","Fagge B","Unity College, Fagge","Male","disabled","WAEC","University","28","28","19","6","7","0","1.8","0","9","13","0"
"2019/2020","North West","Kano","Fagge","Fagge C","Community Secondary School, Fagge C","Female","all","NABTEB","University","157","155","93","39","30","9","1.8","2","62","54","9"
"2019/2020","North West","Kano","Fagge","Fagge C","Community Secondary School, Fagge C","Female","all","NECO","University","295","291","179","71","58","13","1.8","4","112","108","13"
"2019/2020","North West","Kano","Fagge","Fagge C","Community Secondary School, Fagge C","Female","all","WAEC","University","417","411","251","97","85","12","1.8","6","160","155","12"
"2019/2020","North West","Kano","Fagge","Fagge C","Community Secondary School, Fagge C","Female","disabled","NABTEB","University","12","12","7","9","9","0","1.8","0","5","0","0"
"2019/2020","North West","Kano","Fagge","Fagge C","Community Secondary School, Fagge C","Female","disabled","NECO","University","29","29","17","7","7","0","1.8","0","12","11","0"
"2019/2020","North West","Kano","Fagge","Fagge C","Community Secondary School, Fagge C","Female","disabled","WAEC","University","41","40","25","6","7","0","1.8","1","15","20","0"
"2019/2020","North West","Kano","Fagge","Fagge C","Community Secondary School, Fagge C","Male","all","NABTEB","University","154","152","101","29","30","0","1.8","2","51","73","0"
"2019/2020","North West","Kano","Fagge","Fagge C","Community Secondary School, Fagge C","Male","all","NECO","University","335","330","208","71","66","5","1.8","5","122","138","5"
"2019/2020","North West","Kano","Fagge","Fagge C","Community Secondary School, Fagge C","Male","all","WAEC","University","407","401","262","91","78","13","1.8","6","139","171","13"
"2019/2020","North West","Kano","Fagge","Fagge C","Community Secondary School, Fagge C","Male","disabled","NABTEB","University","12","12","7","0","0","0","1.8","0","5","7","0"
"2019/2020","North West","Kano","Fagge","Fagge C","Community Secondary School, Fagge C","Male","disabled","NECO","University","33","32","17","7","7","0","1.8","1","15","10","0"
"2019/2020","North West","Kano","Fagge","Fagge C","Community Secondary School, Fagge C","Male","disabled","WAEC","University","45","44","25","6","7","0","1.8","1","19","20","0"
"2019/2020","North West","Kano","Fagge","Fagge C","Comprehensive High School, Fagge C","Female","all","NABTEB","College of Education","144","142","77","20","20","0","2.1","2","65","58","0"
"2019/2020","North West","Kano","Fagge","Fagge C","Comprehensive High School, Fagge C","Female","all","NECO","College of Education","292","288","179","57","51","6","2.0","4","109","123","6"
"2019/2020","North West","Kano","Fagge","Fagge C","Comprehensive High School, Fagge C","Female","all","WAEC","College of Education","360","355","218","67","59","8","2.0","5","137","151","8"
"2019/2020","North West","Kano","Fagge","Fagge C","Comprehensive High School, Fagge C","Female","disabled","NABTEB","College of Education","15","15","7","0","0","0","2.1","0","8","7","0"
"2019/2020","North West","Kano","Fagge","Fagge C","Comprehensive High School, Fagge C","Female","disabled","NECO","College of Education","30","30","18","7","7","0","2.0","0","12","11","0"
"2019/2020","North West","Kano","Fagge","Fagge C","Comprehensive High School, Fagge C","Female","disabled","WAEC","College of Education","41","40","22","6","6","0","2.0","1","18","17","0"
"2019/2020","North West","Kano","Fagge","Fagge C","Comprehensive High School, Fagge C","Male","all","NABTEB","College of Education","169","166","93","29","20","9","2.1","3","73","64","9"
"2019/2020","North West","Kano","Fagge","Fagge C","Comprehensive High School, Fagge C","Male","all","NECO","College of Education","335","330","190","50","44","6","2.0","5","140","141","6"
"2019/2020","North West","Kano","Fagge","Fagge C","Comprehensive High School, Fagge C","Male","all","WAEC","College of Education","467","460","270","85","78","7","2.0","7","190","186","7"
"2019/2020","North West","Kano","Fagge","Fagge C","Comprehensive High School, Fagge C","Male","disabled","NABTEB","College of Education","15","15","7","0","0","0","2.1","0","8","7","0"
"2019/2020","North West","Kano","Fagge","Fagge C","Comprehensive High School, Fagge C","Male","disabled","NECO","College of Education","37","36","17","0","0","0","2.0","1","19","17","0"
"2019/2020","North West","Kano","Fagge","Fagge C","Comprehensive High School, Fagge C","Male","disabled","WAEC","College of Education","47","46","25","6","7","0","2.0","1","21","19","0"
"2019/2020","North West","Kano","Fagge","Fagge C","Government Secondary School, Fagge C","Female","all","NABTEB","Polytechnic","137","135","81","29","20","9","2.0","2","54","53","9"
"2019/2020","North West","Kano","Fagge","Fagge C","Government Secondary School, Fagge C","Female","all","NECO","Polytechnic","299","295","175","64","58","6","2.0","4","120","112","6"
"2019/2020","North West","Kano","Fagge","Fagge C","Government Secondary School, Fagge C","Female","all","WAEC","Polytechnic","391","385","231","67","59","8","2.0","6","154","165","8"
"2019/2020","North West","Kano","Fagge","Fagge C","Government Secondary School, Fagge C","Female","disabled","NABTEB","Polytechnic","13","13","7","0","0","0","2.0","0","6","7","0"
"2019/2020","North West","Kano","Fagge","Fagge C","Government Secondary School, Fagge C","Female","disabled","NECO","Polytechnic","33","32","21","7","7","0","2.0","1","11","14","0"
"2019/2020","North West","Kano","Fagge","Fagge C","Government Secondary School, Fagge C","Female","disabled","WAEC","Polytechnic","48","47","25","6","6","0","2.0","1","22","20","0"
"2019/2020","North West","Kano","Fagge","Fagge C","Government Secondary School, Fagge C","Male","all","NABTEB","Polytechnic","140","138","89","29","20","9","2.0","2","49","61","9"
"2019/2020","North West","Kano","Fagge","Fagge C","Government Secondary School, Fagge C","Male","all","NECO","Polytechnic","270","266","158","43","36","7","2.0","4","108","115","7"
"2019/2020","North West","Kano","Fagge","Fagge C","Government Secondary School, Fagge C","Male","all","WAEC","Polytechnic","376","370","221","61","52","9","2.0","6","149","160","9"
"2019/2020","North West","Kano","Fagge","Fagge C","Government Secondary School, Fagge C","Male","disabled","NABTEB","Polytechnic","17","17","11","0","0","0","2.0","0","6","11","0"
"2019/2020","North West","Kano","Fagge","Fagge C","Government Secondary School, Fagge C","Male","disabled","NECO","Polytechnic","29","29","17","0","0","0","2.0","0","12","17","0"
"2019/2020","North West","Kano","Fagge","Fagge C","Government Secondary School, Fagge C","Male","disabled","WAEC","Polytechnic","45","44","22","0","0","0","2.0","1","22","22","0"
"2019/2020","North West","Kano","Fagge","Fagge C","Unity College, Fagge","Female","all","NABTEB","University","64","63","40","29","30","0","1.8","1","23","12","0"
"2019/2020","North West","Kano","Fagge","Fagge C","Unity College, Fagge","Female","all","NECO","University","118","116","75","28","22","6","1.8","2","41","47","6"
"2019/2020","North West","Kano","Fagge","Fagge C","Unity College, Fagge","Female","all","WAEC","University","142","140","87","36","33","3","1.8","2","53","52","3"
"2019/2020","North West","Kano","Fagge","Fagge C","Unity College, Fagge","Female","disabled","NABTEB","University","14","14","8","10","10","0","1.8","0","6","0","0"
"2019/2020","North West","Kano","Fagge","Fagge C","Unity College, Fagge","Female","disabled","NECO","University","15","15","11","7","7","0","1.8","0","4","4","0"
"2019/2020","North West","Kano","Fagge","Fagge C","Unity College, Fagge","Female","disabled","WAEC","University","18","18","9","6","7","0","1.8","0","9","4","0"
"2019/2020","North West","Kano","Fagge","Fagge C","Unity College, Fagge","Male","all","NABTEB","University","74","73","44","28","29","0","1.8","1","29","16","0"
"2019/2020","North West","Kano","Fagge","Fagge C","Unity College, Fagge","Male","all","NECO","University","138","136","89","35","29","6","1.8","2","47","55","6"
"2019/2020","North West","Kano","Fagge","Fagge C","Unity College, Fagge","Male","all","WAEC","University","180","177","110","42","39","3","1.8","3","67","69","3"
"2019/2020","North West","Kano","Fagge","Fagge C","Unity College, Fagge","Male","disabled","NABTEB","University","14","14","8","10","10","0","1.8","0","6","0","0"
"2019/2020","North West","Kano","Fagge","Fagge C","Unity College, Fagge","Male","disabled","NECO","University","15","15","7","7","7","0","1.8","0","8","0","0"
"2019/2020","North West","Kano","Fagge","Fagge C","Unity College, Fagge","Male","disabled","WAEC","University","21","21","12","6","6","0","1.8","0","9","7","0"
"2019/2020","North West","Kano","Gwale","Dandago","Community Secondary School, Dandago","Female","all","NABTEB","University","137","135","81","29","20","9","1.8","2","54","53","9"
"2019/2020","North West","Kano","Gwale","Dandago","Community Secondary School, Dandago","Female","all","NECO","University","257","253","161","57","51","6","1.8","4","92","104","6"
"2019/2020","North West","Kano","Gwale","Dandago","Community Secondary School, Dandago","Female","all","WAEC","University","313","308","193","67","59","8","1.8","5","115","126","8"
"2019/2020","North West","Kano","Gwale","Dandago","Community Secondary School, Dandago","Female","disabled","NABTEB","University","14","14","8","0","0","0","1.8","0","6","8","0"
"2019/2020","North West","Kano","Gwale","Dandago","Community Secondary School, Dandago","Female","disabled","NECO","University","26","26","13","7","7","0","1.8","0","13","7","0"
"2019/2020","North West","Kano","Gwale","Dandago","Community Secondary School, Dandago","Female","disabled","WAEC","University","29","29","15","6","7","0","1.8","0","14","10","0"
"2019/2020","North West","Kano","Gwale","Dandago","Community Secondary School, Dandago","Male","all","NABTEB","University","146","144","89","29","20","9","1.8","2","55","60","9"
"2019/2020","North West","Kano","Gwale","Dandago","Community Secondary School, Dandago","Male","all","NECO","University","257","253","161","50","44","6","1.8","4","92","111","6"
"2019/2020","North West","Kano","Gwale","Dandago","Community Secondary School, Dandago","Male","all","WAEC","University","305","300","179","55","46","9","1.8","5","121","125","9"
"2019/2020","North West","Kano","Gwale","Dandago","Community Secondary School, Dandago","Male","disabled","NABTEB","University","18","18","8","0","0","0","1.8","0","10","8","0"
"2019/2020","North West","Kano","Gwale","Dandago","Community Secondary School, Dandago","Male","disabled","NECO","University","26","26","13","7","7","0","1.8","0","13","7","0"
"2019/2020","North West","Kano","Gwale","Dandago","Community Secondary School, Dandago","Male","disabled","WAEC","University","32","32","19","0","0","0","1.8","0","13","19","0"
"2019/2020","North West","Kano","Gwale","Dandago","Comprehensive High School, Dandago","Female","all","NABTEB","College of Education","151","149","97","39","30","9","2.1","2","52","59","9"
"2019/2020","North West","Kano","Gwale","Dandago","Comprehensive High School, Dandago","Female","all","NECO","College of Education","291","287","172","71","66","5","2.0","4","115","101","5"
"2019/2020","North West","Kano","Gwale","Dandago","Comprehensive High School, Dandago","Female","all","WAEC","College of Education","449","442","268","103","98","5","2.0","7","174","165","5"
"2019/2020","North West","Kano","Gwale","Dandago","Comprehensive High School, Dandago","Female","disabled","NABTEB","College of Education","18","18","8","0","0","0","2.1","0","10","8","0"
"2019/2020","North West","Kano","Gwale","Dandago","Comprehensive High School, Dandago","Female","disabled","NECO","College of Education","38","37","21","7","7","0","2.0","1","16","15","0"
"2019/2020","North West","Kano","Gwale","Dandago","Comprehensive High School, Dandago","Female","disabled","WAEC","College of Education","51","50","28","12","12","0","2.0","1","22","16","0"
"2019/2020","North West","Kano","Gwale","Dandago","Comprehensive High School, Dandago","Male","all","NABTEB","College of Education","194","191","126","57","50","7","2.1","3","65","68","7"
"2019/2020","North West","Kano","Gwale","Dandago","Comprehensive High School, Dandago","Male","all","NECO","College of Education","338","333","211","71","58","13","2.0","5","122","140","13"
"2019/2020","North West","Kano","Gwale","Dandago","Comprehensive High School, Dandago","Male","all","WAEC","College of Education","497","490","311","127","118","9","2.0","7","179","184","9"
"2019/2020","North West","Kano","Gwale","Dandago","Comprehensive High School, Dandago","Male","disabled","NABTEB","College of Education","25","25","12","10","10","0","2.1","0","13","2","0"
"2019/2020","North West","Kano","Gwale","Dandago","Comprehensive High School, Dandago","Male","disabled","NECO","College of Education","45","44","28","7","7","0","2.0","1","16","21","0"
"2019/2020","North West","Kano","Gwale","Dandago","Comprehensive High School, Dandago","Male","disabled","WAEC","College of Education","63","62","35","12","13","0","2.0","1","27","24","0"
"2019/2020","North West","Kano","Gwale","Dandago","Government Secondary School, Dandago","Female","all","NABTEB","University","173","170","105","49","41","8","1.8","3","65","57","8"
"2019/2020","North West","Kano","Gwale","Dandago","Government Secondary School, Dandago","Female","all","NECO","University","291","287","186","71","66","5","1.8","4","101","115","5"
"2019/2020","North West","Kano","Gwale","Dandago","Government Secondary School, Dandago","Female","all","WAEC","University","367","362","221","79","72","7","1.8","5","141","142","7"
"2019/2020","North West","Kano","Gwale","Dandago","Government Secondary School, Dandago","Female","disabled","NABTEB","University","17","17","8","0","0","0","1.8","0","9","8","0"
"2019/2020","North West","Kano","Gwale","Dandago","Government Secondary School, Dandago","Female","disabled","NECO","University","34","33","17","7","7","0","1.8","1","16","11","0"
"2019/2020","North West","Kano","Gwale","Dandago","Government Secondary School, Dandago","Female","disabled","WAEC","University","37","36","19","6","7","0","1.8","1","17","14","0"
"2019/2020","North West","Kano","Gwale","Dandago","Government Secondary School, Dandago","Male","all","NABTEB","University","216","213","142","58","51","7","1.8","3","71","85","7"
"2019/2020","North West","Kano","Gwale","Dandago","Government Secondary School, Dandago","Male","all","NECO","University","342","337","218","71","66","5","1.8","5","119","148","5"
"2019/2020","North West","Kano","Gwale","Dandago","Government Secondary School, Dandago","Male","all","WAEC","University","417","411","244","85","78","7","1.8","6","167","160","7"
"2019/2020","North West","Kano","Gwale","Dandago","Government Secondary School, Dandago","Male","disabled","NABTEB","University","25","25","16","10","10","0","1.8","0","9","6","0"
"2019/2020","North West","Kano","Gwale","Dandago","Government Secondary School, Dandago","Male","disabled","NECO","University","41","40","24","7","7","0","1.8","1","16","17","0"
"2019/2020","North West","Kano","Gwale","Dandago","Government Secondary School, Dandago","Male","disabled","WAEC","University","48","47","28","6","7","0","1.8","1","19","23","0"
"2019/2020","North West","Kano","Gwale","Dandago","Unity College, Gwale","Female","all","NABTEB","Polytechnic","122","120","69","19","20","0","2.0","2","51","51","0"
"2019/2020","North West","Kano","Gwale","Dandago","Unity College, Gwale","Female","all","NECO","Polytechnic","227","224","126","35","29","6","2.0","3","98","91","6"
"2019/2020","North West","Kano","Gwale","Dandago","Unity College, Gwale","Female","all","WAEC","Polytechnic","271","267","170","55","52","3","2.0","4","97","115","3"
"2019/2020","North West","Kano","Gwale","Dandago","Unity College, Gwale","Female","disabled","NABTEB","Polytechnic","14","14","8","0","0","0","2.0","0","6","8","0"
"2019/2020","North West","Kano","Gwale","Dandago","Unity College, Gwale","Female","disabled","NECO","Polytechnic","25","25","13","0","0","0","2.0","0","12","13","0"
"2019/2020","North West","Kano","Gwale","Dandago","Unity College, Gwale","Female","disabled","WAEC","Polytechnic","32","32","19","6","7","0","2.0","0","13","14","0"
"2019/2020","North West","Kano","Gwale","Dandago","Unity College, Gwale","Male","all","NABTEB","Polytechnic","140","138","81","29","20","9","2.0","2","57","53","9"
"2019/2020","North West","Kano","Gwale","Dandago","Unity College, Gwale","Male","all","NECO","Polytechnic","265","261","157","43","36","7","2.0","4","104","115","7"
"2019/2020","North West","Kano","Gwale","Dandago","Unity College, Gwale","Male","all","WAEC","Polytechnic","317","312","193","55","52","3","2.0","5","119","138","3"
"2019/2020","North West","Kano","Gwale","Dandago","Unity College, Gwale","Male","disabled","NABTEB","Polytechnic","14","14","8","0","0","0","2.0","0","6","8","0"
"2019/2020","North West","Kano","Gwale","Dandago","Unity College, Gwale","Male","disabled","NECO","Polytechnic","29","29","17","7","7","0","2.0","0","12","11","0"
"2019/2020","North West","Kano","Gwale","Dandago","Unity College, Gwale","Male","disabled","WAEC","Polytechnic","41","40","22","6","7","0","2.0","1","18","17","0"
"2019/2020","North West","Kano","Gwale","Diso","Community Secondary School, Diso","Female","all","NABTEB","University","107","105","64","28","20","9","1.8","2","41","35","9"
"2019/2020","North West","Kano","Gwale","Diso","Community Secondary School, Diso","Female","all","NECO","University","176","173","110","43","37","6","1.8","3","63","67","6"
"2019/2020","North West","Kano","Gwale","Diso","Community Secondary School, Diso","Female","all","WAEC","University","232","229","140","49","46","3","1.8","3","89","92","3"
"2019/2020","North West","Kano","Gwale","Diso","Community Secondary School, Diso","Female","disabled","NABTEB","University","14","14","8","0","0","0","1.8","0","6","8","0"
"2019/2020","North West","Kano","Gwale","Diso","Community Secondary School, Diso","Female","disabled","NECO","University","19","19","11","7","7","0","1.8","0","8","4","0"
"2019/2020","North West","Kano","Gwale","Diso","Community Secondary School, Diso","Female","disabled","WAEC","University","21","21","12","6","7","0","1.8","0","9","7","0"
"2019/2020","North West","Kano","Gwale","Diso","Community Secondary School, Diso","Male","all","NABTEB","University","108","106","69","20","20","0","1.8","2","37","50","0"
"2019/2020","North West","Kano","Gwale","Diso","Community Secondary School, Diso","Male","all","NECO","University","185","182","111","43","36","7","1.8","3","71","68","7"
"2019/2020","North West","Kano","Gwale","Diso","Community Secondary School, Diso","Male","all","WAEC","University","237","233","149","55","52","3","1.8","4","84","95","3"
"2019/2020","North West","Kano","Gwale","Diso","Community Secondary School, Diso","Male","disabled","NABTEB","University","14","14","8","0","0","0","1.8","0","6","8","0"
"2019/2020","North West","Kano","Gwale","Diso","Community Secondary School, Diso","Male","disabled","NECO","University","19","19","11","7","7","0","1.8","0","8","4","0"
"2019/2020","North West","Kano","Gwale","Diso","Community Secondary School, Diso","Male","disabled","WAEC","University","21","21","12","6","7","0","1.8","0","9","7","0"
"2019/2020","North West","Kano","Gwale","Diso","Comprehensive High School, Diso","Female","all","NABTEB","Polytechnic","89","88","52","19","20","0","2.0","1","36","34","0"
"2019/2020","North West","Kano","Gwale","Diso","Comprehensive High School, Diso","Female","all","NECO","Polytechnic","184","181","110","36","29","7","2.0","3","71","75","7"
"2019/2020","North West","Kano","Gwale","Diso","Comprehensive High School, Diso","Female","all","WAEC","Polytechnic","206","203","130","49","46","3","2.0","3","73","82","3"
"2019/2020","North West","Kano","Gwale","Diso","Comprehensive High School, Diso","Female","disabled","NABTEB","Polytechnic","14","14","8","0","0","0","2.0","0","6","8","0"
"2019/2020","North West","Kano","Gwale","Diso","Comprehensive High School, Diso","Female","disabled","NECO","Polytechnic","22","22","13","0","0","0","2.0","0","9","13","0"
"2019/2020","North West","Kano","Gwale","Diso","Comprehensive High School, Diso","Female","disabled","WAEC","Polytechnic","29","29","15","6","7","0","2.0","0","14","10","0"
"2019/2020","North West","Kano","Gwale","Diso","Comprehensive High School, Diso","Male","all","NABTEB","Polytechnic","121","119","73","29","20","9","2.0","2","46","44","9"
"2019/2020","North West","Kano","Gwale","Diso","Comprehensive High School, Diso","Male","all","NECO","Polytechnic","227","224","133","36","29","7","2.0","3","91","97","7"
"2019/2020","North West","Kano","Gwale","Diso","Comprehensive High School, Diso","Male","all","WAEC","Polytechnic","268","264","167","55","52","3","2.0","4","97","112","3"
"2019/2020","North West","Kano","Gwale","Diso","Comprehensive High School, Diso","Male","disabled","NABTEB","Polytechnic","14","14","8","0","0","0","2.0","0","6","8","0"
"2019/2020","North West","Kano","Gwale","Diso","Comprehensive High School, Diso","Male","disabled","NECO","Polytechnic","26","26","13","0","0","0","2.0","0","13","13","0"
"2019/2020","North West","Kano","Gwale","Diso","Comprehensive High School, Diso","Male","disabled","WAEC","Polytechnic","32","32","19","6","7","0","2.0","0","13","14","0"
"2019/2020","North West","Kano","Gwale","Diso","Government Secondary School, Diso","Female","all","NABTEB","University","71","70","44","10","10","0","1.8","1","26","35","0"
"2019/2020","North West","Kano","Gwale","Diso","Government Secondary School, Diso","Female","all","NECO","University","152","150","93","28","22","6","1.8","2","57","65","6"
"2019/2020","North West","Kano","Gwale","Diso","Government Secondary School, Diso","Female","all","WAEC","University","181","178","108","36","33","3","1.8","3","70","72","3"
"2019/2020","North West","Kano","Gwale","Diso","Government Secondary School, Diso","Female","disabled","NABTEB","University","14","14","8","0","0","0","1.8","0","6","8","0"
"2019/2020","North West","Kano","Gwale","Diso","Government Secondary School, Diso","Female","disabled","NECO","University","19","19","11","0","0","0","1.8","0","8","11","0"
"2019/2020","North West","Kano","Gwale","Diso","Government Secondary School, Diso","Female","disabled","WAEC","University","21","21","12","6","7","0","1.8","0","9","7","0"
"2019/2020","North West","Kano","Gwale","Diso","Government Secondary School, Diso","Male","all","NABTEB","University","85","84","52","20","20","0","1.8","1","32","32","0"
"2019/2020","North West","Kano","Gwale","Diso","Government Secondary School, Diso","Male","all","NECO","University","191","188","110","28","22","6","1.8","3","78","82","6"
"2019/2020","North West","Kano","Gwale","Diso","Government Secondary School, Diso","Male","all","WAEC","University","229","226","136","36","33","3","1.8","3","90","101","3"
"2019/2020","North West","Kano","Gwale","Diso","Government Secondary School, Diso","Male","disabled","NABTEB","University","14","14","8","0","0","0","1.8","0","6","8","0"
"2019/2020","North West","Kano","Gwale","Diso","Government Secondary School, Diso","Male","disabled","NECO","University","22","22","13","0","0","0","1.8","0","9","13","0"
"2019/2020","North West","Kano","Gwale","Diso","Government Secondary School, Diso","Male","disabled","WAEC","University","25","25","15","0","0","0","1.8","0","10","15","0"
"2019/2020","North West","Kano","Gwale","Diso","Unity College, Gwale","Female","all","NABTEB","Polytechnic","169","166","105","39","30","9","2.0","3","61","66","9"
"2019/2020","North West","Kano","Gwale","Diso","Unity College, Gwale","Female","all","NECO","Polytechnic","346","341","215","78","66","12","2.0","5","126","138","12"
"2019/2020","North West","Kano","Gwale","Diso","Unity College, Gwale","Female","all","WAEC","Polytechnic","425","419","251","97","85","12","2.0","6","168","155","12"
"2019/2020","North West","Kano","Gwale","Diso","Unity College, Gwale","Female","disabled","NABTEB","Polytechnic","17","17","11","0","0","0","2.0","0","6","11","0"
"2019/2020","North West","Kano","Gwale","Diso","Unity College, Gwale","Female","disabled","NECO","Polytechnic","38","37","24","7","7","0","2.0","1","13","18","0"
"2019/2020","North West","Kano","Gwale","Diso","Unity College, Gwale","Female","disabled","WAEC","Polytechnic","37","36","22","6","7","0","2.0","1","14","17","0"
"2019/2020","North West","Kano","Gwale","Diso","Unity College, Gwale","Male","all","NABTEB","Polytechnic","186","183","121","57","50","7","2.0","3","62","64","7"
"2019/2020","North West","Kano","Gwale","Diso","Unity College, Gwale","Male","all","NECO","Polytechnic","361","356","218","71","58","13","2.0","5","138","148","13"
"2019/2020","North West","Kano","Gwale","Diso","Unity College, Gwale","Male","all","WAEC","Polytechnic","445","438","284","103","92","11","2.0","7","154","181","11"
"2019/2020","North West","Kano","Gwale","Diso","Unity College, Gwale","Male","disabled","NABTEB","Polytechnic","18","18","12","10","10","0","2.0","0","6","2","0"
"2019/2020","North West","Kano","Gwale","Diso","Unity College, Gwale","Male","disabled","NECO","Polytechnic","34","33","17","7","7","0","2.0","1","16","11","0"
"2019/2020","North West","Kano","Gwale","Diso","Unity College, Gwale","Male","disabled","WAEC","Polytechnic","41","40","22","6","7","0","2.0","1","18","17","0"
"2019/2020","North West","Kano","Gwale","Dorayi","Community Secondary School, Dorayi","Female","all","NABTEB","Polytechnic","147","145","89","39","30","9","2.0","2","56","51","9"
"2019/2020","North West","Kano","Gwale","Dorayi","Community Secondary School, Dorayi","Female","all","NECO","Polytechnic","323","318","204","92","80","12","2.0","5","114","113","12"
"2019/2020","North West","Kano","Gwale","Dorayi","Community Secondary School, Dorayi","Female","all","WAEC","Polytechnic","421","415","257","109","98","11","2.0","6","158","149","11"
"2019/2020","North West","Kano","Gwale","Dorayi","Community Secondary School, Dorayi","Female","disabled","NABTEB","Polytechnic","14","14","8","10","10","0","2.0","0","6","0","0"
"2019/2020","North West","Kano","Gwale","Dorayi","Community Secondary School, Dorayi","Female","disabled","NECO","Polytechnic","29","29","17","7","7","0","2.0","0","12","11","0"
"2019/2020","North West","Kano","Gwale","Dorayi","Community Secondary School, Dorayi","Female","disabled","WAEC","Polytechnic","44","43","25","6","7","0","2.0","1","18","19","0"
"2019/2020","North West","Kano","Gwale","Dorayi","Community Secondary School, Dorayi","Male","all","NABTEB","Polytechnic","136","134","81","29","20","9","2.0","2","53","52","9"
"2019/2020","North West","Kano","Gwale","Dorayi","Community Secondary School, Dorayi","Male","all","NECO","Polytechnic","302","298","186","71","58","13","2.0","4","112","115","13"
"2019/2020","North West","Kano","Gwale","Dorayi","Community Secondary School, Dorayi","Male","all","WAEC","Polytechnic","433","427","268","91","78","13","2.0","6","159","177","13"
"2019/2020","North West","Kano","Gwale","Dorayi","Community Secondary School, Dorayi","Male","disabled","NABTEB","Polytechnic","14","14","8","0","0","0","2.0","0","6","8","0"
"2019/2020","North West","Kano","Gwale","Dorayi","Community Secondary School, Dorayi","Male","disabled","NECO","Polytechnic","29","29","17","7","7","0","2.0","0","12","11","0"
"2019/2020","North West","Kano","Gwale","Dorayi","Community Secondary School, Dorayi","Male","disabled","WAEC","Polytechnic","37","36","22","6","6","0","2.0","1","14","17","0"
"2019/2020","North West","Kano","Gwale","Dorayi","Comprehensive High School, Dorayi","Female","all","NABTEB","College of Education","78","77","48","19","19","0","2.1","1","29","29","0"
"2019/2020","North West","Kano","Gwale","Dorayi","Comprehensive High School, Dorayi","Female","all","NECO","College of Education","118","116","78","35","29","7","2.0","2","38","42","7"
"2019/2020","North West","Kano","Gwale","Dorayi","Comprehensive High School, Dorayi","Female","all","WAEC","College of Education","184","181","110","42","39","3","2.0","3","71","69","3"
"2019/2020","North West","Kano","Gwale","Dorayi","Comprehensive High School, Dorayi","Female","disabled","NABTEB","College of Education","14","14","8","0","0","0","2.1","0","6","8","0"
"2019/2020","North West","Kano","Gwale","Dorayi","Comprehensive High School, Dorayi","Female","disabled","NECO","College of Education","14","14","10","7","7","0","2.0","0","4","4","0"
"2019/2020","North West","Kano","Gwale","Dorayi","Comprehensive High School, Dorayi","Female","disabled","WAEC","College of Education","14","14","9","6","6","0","2.0","0","5","4","0"
"2019/2020","North West","Kano","Gwale","Dorayi","Comprehensive High School, Dorayi","Male","all","NABTEB","College of Education","82","81","52","19","20","0","2.1","1","29","34","0"
"2019/2020","North West","Kano","Gwale","Dorayi","Comprehensive High School, Dorayi","Male","all","NECO","College of Education","126","124","71","28","22","6","2.0","2","53","44","6"
"2019/2020","North West","Kano","Gwale","Dorayi","Comprehensive High School, Dorayi","Male","all","WAEC","College of Education","191","188","117","49","46","3","2.0","3","71","69","3"
"2019/2020","North West","Kano","Gwale","Dorayi","Comprehensive High School, Dorayi","Male","disabled","NABTEB","College of Education","14","14","8","0","0","0","2.1","0","6","8","0"
"2019/2020","North West","Kano","Gwale","Dorayi","Comprehensive High School, Dorayi","Male","disabled","NECO","College of Education","14","14","7","7","7","0","2.0","0","7","0","0"
"2019/2020","North West","Kano","Gwale","Dorayi","Comprehensive High School, Dorayi","Male","disabled","WAEC","College of Education","14","14","9","6","6","0","2.0","0","5","4","0"
"2019/2020","North West","Kano","Gwale","Dorayi","Government Secondary School, Dorayi","Female","all","NABTEB","College of Education","86","85","52","19","20","0","2.1","1","33","34","0"
"2019/2020","North West","Kano","Gwale","Dorayi","Government Secondary School, Dorayi","Female","all","NECO","College of Education","138","136","85","43","37","6","2.0","2","51","43","6"
"2019/2020","North West","Kano","Gwale","Dorayi","Government Secondary School, Dorayi","Female","all","WAEC","College of Education","177","174","113","55","52","3","2.0","3","61","59","3"
"2019/2020","North West","Kano","Gwale","Dorayi","Government Secondary School, Dorayi","Female","disabled","NABTEB","College of Education","14","14","8","0","0","0","2.1","0","6","8","0"
"2019/2020","North West","Kano","Gwale","Dorayi","Government Secondary School, Dorayi","Female","disabled","NECO","College of Education","15","15","11","7","7","0","2.0","0","4","4","0"
"2019/2020","North West","Kano","Gwale","Dorayi","Government Secondary School, Dorayi","Female","disabled","WAEC","College of Education","18","18","9","6","6","0","2.0","0","9","4","0"
"2019/2020","North West","Kano","Gwale","Dorayi","Government Secondary School, Dorayi","Male","all","NABTEB","College of Education","78","77","48","28","29","0","2.1","1","29","19","0"
"2019/2020","North West","Kano","Gwale","Dorayi","Government Secondary School, Dorayi","Male","all","NECO","College of Education","126","124","75","28","29","0","2.0","2","49","48","0"
"2019/2020","North West","Kano","Gwale","Dorayi","Government Secondary School, Dorayi","Male","all","WAEC","College of Education","184","181","117","49","46","3","2.0","3","64","69","3"
"2019/2020","North West","Kano","Gwale","Dorayi","Government Secondary School, Dorayi","Male","disabled","NABTEB","College of Education","14","14","8","10","10","0","2.1","0","6","0","0"
"2019/2020","North West","Kano","Gwale","Dorayi","Government Secondary School, Dorayi","Male","disabled","NECO","College of Education","14","14","7","7","7","0","2.0","0","7","0","0"
"2019/2020","North West","Kano","Gwale","Dorayi","Government Secondary School, Dorayi","Male","disabled","WAEC","College of Education","22","22","13","6","6","0","2.0","0","9","7","0"
"2019/2020","North West","Kano","Gwale","Dorayi","Unity College, Gwale","Female","all","NABTEB","Polytechnic","108","106","69","39","30","9","2.0","2","37","31","9"
"2019/2020","North West","Kano","Gwale","Dorayi","Unity College, Gwale","Female","all","NECO","Polytechnic","211","208","132","50","44","6","2.0","3","76","83","6"
"2019/2020","North West","Kano","Gwale","Dorayi","Unity College, Gwale","Female","all","WAEC","Polytechnic","288","284","185","67","59","8","2.0","4","99","118","8"
"2019/2020","North West","Kano","Gwale","Dorayi","Unity College, Gwale","Female","disabled","NABTEB","Polytechnic","14","14","8","10","10","0","2.0","0","6","0","0"
"2019/2020","North West","Kano","Gwale","Dorayi","Unity College, Gwale","Female","disabled","NECO","Polytechnic","25","25","13","6","6","0","2.0","0","12","6","0"
"2019/2020","North West","Kano","Gwale","Dorayi","Unity College, Gwale","Female","disabled","WAEC","Polytechnic","32","32","19","6","6","0","2.0","0","13","14","0"
"2019/2020","North West","Kano","Gwale","Dorayi","Unity College, Gwale","Male","all","NABTEB","Polytechnic","104","102","69","19","20","0","2.0","2","33","50","0"
"2019/2020","North West","Kano","Gwale","Dorayi","Unity College, Gwale","Male","all","NECO","Polytechnic","196","193","125","43","37","6","2.0","3","68","83","6"
"2019/2020","North West","Kano","Gwale","Dorayi","Unity College, Gwale","Male","all","WAEC","Polytechnic","316","311","192","73","65","8","2.0","5","119","120","8"
"2019/2020","North West","Kano","Gwale","Dorayi","Unity College, Gwale","Male","disabled","NABTEB","Polytechnic","14","14","8","0","0","0","2.0","0","6","8","0"
"2019/2020","North West","Kano","Gwale","Dorayi","Unity College, Gwale","Male","disabled","NECO","Polytechnic","25","25","17","6","6","0","2.0","0","8","10","0"
"2019/2020","North West","Kano","Gwale","Dorayi","Unity College, Gwale","Male","disabled","WAEC","Polytechnic","41","40","25","6","6","0","2.0","1","15","20","0"
"2019/2020","North West","Kano","Kano Municipal","Chedi","Community Secondary School, Chedi","Female","all","NABTEB","College of Education","93","92","56","19","20","0","2.1","1","36","38","0"
"2019/2020","North West","Kano","Kano Municipal","Chedi","Community Secondary School, Chedi","Female","all","NECO","College of Education","211","208","118","43","37","6","2.0","3","90","76","6"
"2019/2020","North West","Kano","Kano Municipal","Chedi","Community Secondary School, Chedi","Female","all","WAEC","College of Education","252","248","140","42","39","3","2.0","4","108","99","3"
"2019/2020","North West","Kano","Kano Municipal","Chedi","Community Secondary School, Chedi","Female","disabled","NABTEB","College of Education","14","14","8","0","0","0","2.1","0","6","8","0"
"2019/2020","North West","Kano","Kano Municipal","Chedi","Community Secondary School, Chedi","Female","disabled","NECO","College of Education","21","21","10","6","6","0","2.0","0","11","4","0"
"2019/2020","North West","Kano","Kano Municipal","Chedi","Community Secondary School, Chedi","Female","disabled","WAEC","College of Education","29","29","15","0","0","0","2.0","0","14","15","0"
"2019/2020","North West","Kano","Kano Municipal","Chedi","Community Secondary School, Chedi","Male","all","NABTEB","College of Education","104","102","60","19","20","0","2.1","2","42","41","0"
"2019/2020","North West","Kano","Kano Municipal","Chedi","Community Secondary School, Chedi","Male","all","NECO","College of Education","195","192","118","28","22","6","2.0","3","74","90","6"
"2019/2020","North West","Kano","Kano Municipal","Chedi","Community Secondary School, Chedi","Male","all","WAEC","College of Education","245","241","137","36","33","3","2.0","4","104","101","3"
"2019/2020","North West","Kano","Kano Municipal","Chedi","Community Secondary School, Chedi","Male","disabled","NABTEB","College of Education","14","14","8","0","0","0","2.1","0","6","8","0"
"2019/2020","North West","Kano","Kano Municipal","Chedi","Community Secondary School, Chedi","Male","disabled","NECO","College of Education","21","21","10","0","0","0","2.0","0","11","10","0"
"2019/2020","North West","Kano","Kano Municipal","Chedi","Community Secondary School, Chedi","Male","disabled","WAEC","College of Education","29","29","15","0","0","0","2.0","0","14","15","0"
"2019/2020","North West","Kano","Kano Municipal","Chedi","Comprehensive High School, Chedi","Female","all","NABTEB","University","173","170","113","58","51","7","1.8","3","57","56","7"
"2019/2020","North West","Kano","Kano Municipal","Chedi","Comprehensive High School, Chedi","Female","all","NECO","University","334","329","215","98","80","19","1.8","5","114","116","19"
"2019/2020","North West","Kano","Kano Municipal","Chedi","Comprehensive High School, Chedi","Female","all","WAEC","University","364","359","218","85","78","7","1.8","5","141","134","7"
"2019/2020","North West","Kano","Kano Municipal","Chedi","Comprehensive High School, Chedi","Female","disabled","NABTEB","University","14","14","8","10","10","0","1.8","0","6","0","0"
"2019/2020","North West","Kano","Kano Municipal","Chedi","Comprehensive High School, Chedi","Female","disabled","NECO","University","25","25","13","6","6","0","1.8","0","12","6","0"
"2019/2020","North West","Kano","Kano Municipal","Chedi","Comprehensive High School, Chedi","Female","disabled","WAEC","University","28","28","15","6","7","0","1.8","0","13","9","0"
"2019/2020","North West","Kano","Kano Municipal","Chedi","Comprehensive High School, Chedi","Male","all","NABTEB","University","202","199","118","39","30","9","1.8","3","81","80","9"
"2019/2020","North West","Kano","Kano Municipal","Chedi","Comprehensive High School, Chedi","Male","all","NECO","University","374","368","229","92","80","12","1.8","6","139","138","12"
"2019/2020","North West","Kano","Kano Municipal","Chedi","Comprehensive High School, Chedi","Male","all","WAEC","University","503","496","326","121","111","10","1.8","7","170","205","10"
"2019/2020","North West","Kano","Kano Municipal","Chedi","Comprehensive High School, Chedi","Male","disabled","NABTEB","University","18","18","8","0","0","0","1.8","0","10","8","0"
"2019/2020","North West","Kano","Kano Municipal","Chedi","Comprehensive High School, Chedi","Male","disabled","NECO","University","33","32","21","7","7","0","1.8","1","11","14","0"
"2019/2020","North West","Kano","Kano Municipal","Chedi","Comprehensive High School, Chedi","Male","disabled","WAEC","University","41","40","22","6","7","0","1.8","1","18","17","0"
"2019/2020","North West","Kano","Kano Municipal","Chedi","Government Secondary School, Chedi","Female","all","NABTEB","Polytechnic","112","110","64","19","20","0","2.0","2","46","46","0"
"2019/2020","North West","Kano","Kano Municipal","Chedi","Government Secondary School, Chedi","Female","all","NECO","Polytechnic","239","235","139","43","37","6","2.0","4","96","97","6"
"2019/2020","North West","Kano","Kano Municipal","Chedi","Government Secondary School, Chedi","Female","all","WAEC","Polytechnic","286","282","167","61","59","2","2.0","4","115","106","2"
"2019/2020","North West","Kano","Kano Municipal","Chedi","Government Secondary School, Chedi","Female","disabled","NABTEB","Polytechnic","14","14","8","0","0","0","2.0","0","6","8","0"
"2019/2020","North West","Kano","Kano Municipal","Chedi","Government Secondary School, Chedi","Female","disabled","NECO","Polytechnic","30","30","18","0","0","0","2.0","0","12","18","0"
"2019/2020","North West","Kano","Kano Municipal","Chedi","Government Secondary School, Chedi","Female","disabled","WAEC","Polytechnic","37","36","22","6","6","0","2.0","1","14","17","0"
"2019/2020","North West","Kano","Kano Municipal","Chedi","Government Secondary School, Chedi","Male","all","NABTEB","Polytechnic","122","120","69","19","20","0","2.0","2","51","51","0"
"2019/2020","North West","Kano","Kano Municipal","Chedi","Government Secondary School, Chedi","Male","all","NECO","Polytechnic","243","239","140","50","44","6","2.0","4","99","90","6"
"2019/2020","North West","Kano","Kano Municipal","Chedi","Government Secondary School, Chedi","Male","all","WAEC","Polytechnic","293","289","176","49","39","10","2.0","4","113","128","10"
"2019/2020","North West","Kano","Kano Municipal","Chedi","Government Secondary School, Chedi","Male","disabled","NABTEB","Polytechnic","14","14","8","0","0","0","2.0","0","6","8","0"
"2019/2020","North West","Kano","Kano Municipal","Chedi","Government Secondary School, Chedi","Male","disabled","NECO","Polytechnic","26","26","13","7","7","0","2.0","0","13","7","0"
"2019/2020","North West","Kano","Kano Municipal","Chedi","Government Secondary School, Chedi","Male","disabled","WAEC","Polytechnic","37","36","19","0","0","0","2.0","1","17","19","0"
"2019/2020","North West","Kano","Kano Municipal","Chedi","Unity College, Kano Municipal","Female","all","NABTEB","College of Education","111","109","64","19","20","0","2.1","2","45","45","0"
"2019/2020","North West","Kano","Kano Municipal","Chedi","Unity College, Kano Municipal","Female","all","NECO","College of Education","231","228","140","35","29","6","2.0","3","88","105","6"
"2019/2020","North West","Kano","Kano Municipal","Chedi","Unity College, Kano Municipal","Female","all","WAEC","College of Education","313","308","183","55","46","9","2.0","5","125","128","9"
"2019/2020","North West","Kano","Kano Municipal","Chedi","Unity College, Kano Municipal","Female","disabled","NABTEB","College of Education","14","14","8","0","0","0","2.1","0","6","8","0"
"2019/2020","North West","Kano","Kano Municipal","Chedi","Unity College, Kano Municipal","Female","disabled","NECO","College of Education","19","19","11","0","0","0","2.0","0","8","11","0"
"2019/2020","North West","Kano","Kano Municipal","Chedi","Unity College, Kano Municipal","Female","disabled","WAEC","College of Education","25","25","12","0","0","0","2.0","0","12","12","0"
"2019/2020","North West","Kano","Kano Municipal","Chedi","Unity College, Kano Municipal","Male","all","NABTEB","College of Education","118","116","69","19","20","0","2.1","2","47","50","0"
"2019/2020","North West","Kano","Kano Municipal","Chedi","Unity College, Kano Municipal","Male","all","NECO","College of Education","219","216","128","36","29","7","2.0","3","88","93","7"
"2019/2020","North West","Kano","Kano Municipal","Chedi","Unity College, Kano Municipal","Male","all","WAEC","College of Education","294","290","173","49","46","3","2.0","4","117","124","3"
"2019/2020","North West","Kano","Kano Municipal","Chedi","Unity College, Kano Municipal","Male","disabled","NABTEB","College of Education","14","14","8","0","0","0","2.1","0","6","8","0"
"2019/2020","North West","Kano","Kano Municipal","Chedi","Unity College, Kano Municipal","Male","disabled","NECO","College of Education","19","19","11","7","7","0","2.0","0","8","4","0"
"2019/2020","North West","Kano","Kano Municipal","Chedi","Unity College, Kano Municipal","Male","disabled","WAEC","College of Education","25","25","12","6","7","0","2.0","0","12","7","0"
"2019/2020","North West","Kano","Kano Municipal","Dan'agundi","Community Secondary School, Dan'agundi","Female","all","NABTEB","Polytechnic","74","73","44","18","19","0","2.0","1","29","25","0"
"2019/2020","North West","Kano","Kano Municipal","Dan'agundi","Community Secondary School, Dan'agundi","Female","all","NECO","Polytechnic","134","132","82","28","29","0","2.0","2","50","55","0"
"2019/2020","North West","Kano","Kano Municipal","Dan'agundi","Community Secondary School, Dan'agundi","Female","all","WAEC","Polytechnic","165","163","98","42","39","3","2.0","2","65","56","3"
"2019/2020","North West","Kano","Kano Municipal","Dan'agundi","Community Secondary School, Dan'agundi","Female","disabled","NABTEB","Polytechnic","12","12","7","0","0","0","2.0","0","5","7","0"
"2019/2020","North West","Kano","Kano Municipal","Dan'agundi","Community Secondary School, Dan'agundi","Female","disabled","NECO","Polytechnic","15","15","7","7","7","0","2.0","0","8","0","0"
"2019/2020","North West","Kano","Kano Municipal","Dan'agundi","Community Secondary School, Dan'agundi","Female","disabled","WAEC","Polytechnic","14","14","9","6","7","0","2.0","0","5","4","0"
"2019/2020","North West","Kano","Kano Municipal","Dan'agundi","Community Secondary School, Dan'agundi","Male","all","NABTEB","Polytechnic","83","82","49","19","20","0","2.0","1","33","30","0"
"2019/2020","North West","Kano","Kano Municipal","Dan'agundi","Community Secondary School, Dan'agundi","Male","all","NECO","Polytechnic","138","136","82","21","22","0","2.0","2","54","62","0"
"2019/2020","North West","Kano","Kano Municipal","Dan'agundi","Community Secondary School, Dan'agundi","Male","all","WAEC","Polytechnic","150","148","94","30","26","4","2.0","2","54","65","4"
"2019/2020","North West","Kano","Kano Municipal","Dan'agundi","Community Secondary School, Dan'agundi","Male","disabled","NABTEB","Polytechnic","12","12","7","0","0","0","2.0","0","5","7","0"
"2019/2020","North West","Kano","Kano Municipal","Dan'agundi","Community Secondary School, Dan'agundi","Male","disabled","NECO","Polytechnic","15","15","7","0","0","0","2.0","0","8","7","0"
"2019/2020","North West","Kano","Kano Municipal","Dan'agundi","Community Secondary School, Dan'agundi","Male","disabled","WAEC","Polytechnic","14","14","9","6","7","0","2.0","0","5","4","0"
"2019/2020","North West","Kano","Kano Municipal","Dan'agundi","Comprehensive High School, Dan'agundi","Female","all","NABTEB","College of Education","137","135","85","29","20","9","2.1","2","50","57","9"
"2019/2020","North West","Kano","Kano Municipal","Dan'agundi","Comprehensive High School, Dan'agundi","Female","all","NECO","College of Education","238","234","154","50","44","6","2.0","4","80","104","6"
"2019/2020","North West","Kano","Kano Municipal","Dan'agundi","Comprehensive High School, Dan'agundi","Female","all","WAEC","College of Education","289","285","185","67","59","8","2.0","4","100","119","8"
"2019/2020","North West","Kano","Kano Municipal","Dan'agundi","Comprehensive High School, Dan'agundi","Female","disabled","NABTEB","College of Education","12","12","7","0","0","0","2.1","0","5","7","0"
"2019/2020","North West","Kano","Kano Municipal","Dan'agundi","Comprehensive High School, Dan'agundi","Female","disabled","NECO","College of Education","23","23","14","0","0","0","2.0","0","9","14","0"
"2019/2020","North West","Kano","Kano Municipal","Dan'agundi","Comprehensive High School, Dan'agundi","Female","disabled","WAEC","College of Education","25","25","15","6","7","0","2.0","0","10","10","0"
"2019/2020","North West","Kano","Kano Municipal","Dan'agundi","Comprehensive High School, Dan'agundi","Male","all","NABTEB","College of Education","144","142","89","29","30","0","2.1","2","53","61","0"
"2019/2020","North West","Kano","Kano Municipal","Dan'agundi","Comprehensive High School, Dan'agundi","Male","all","NECO","College of Education","265","261","157","50","44","6","2.0","4","104","108","6"
"2019/2020","North West","Kano","Kano Municipal","Dan'agundi","Comprehensive High School, Dan'agundi","Male","all","WAEC","College of Education","346","341","208","67","59","8","2.0","5","133","142","8"
"2019/2020","North West","Kano","Kano Municipal","Dan'agundi","Comprehensive High School, Dan'agundi","Male","disabled","NABTEB","College of Education","12","12","7","0","0","0","2.1","0","5","7","0"
"2019/2020","North West","Kano","Kano Municipal","Dan'agundi","Comprehensive High School, Dan'agundi","Male","disabled","NECO","College of Education","26","26","13","0","0","0","2.0","0","13","13","0"
"2019/2020","North West","Kano","Kano Municipal","Dan'agundi","Comprehensive High School, Dan'agundi","Male","disabled","WAEC","College of Education","29","29","15","6","7","0","2.0","0","14","10","0"
"2019/2020","North West","Kano","Kano Municipal","Dan'agundi","Government Secondary School, Dan'agundi","Female","all","NABTEB","Polytechnic","107","105","69","19","20","0","2.0","2","36","50","0"
"2019/2020","North West","Kano","Kano Municipal","Dan'agundi","Government Secondary School, Dan'agundi","Female","all","NECO","Polytechnic","218","215","125","43","36","7","2.0","3","90","82","7"
"2019/2020","North West","Kano","Kano Municipal","Dan'agundi","Government Secondary School, Dan'agundi","Female","all","WAEC","Polytechnic","240","236","140","49","46","3","2.0","4","96","91","3"
"2019/2020","North West","Kano","Kano Municipal","Dan'agundi","Government Secondary School, Dan'agundi","Female","disabled","NABTEB","Polytechnic","14","14","8","0","0","0","2.0","0","6","8","0"
"2019/2020","North West","Kano","Kano Municipal","Dan'agundi","Government Secondary School, Dan'agundi","Female","disabled","NECO","Polytechnic","26","26","13","7","7","0","2.0","0","13","7","0"
"2019/2020","North West","Kano","Kano Municipal","Dan'agundi","Government Secondary School, Dan'agundi","Female","disabled","WAEC","Polytechnic","29","29","15","6","7","0","2.0","0","14","10","0"
"2019/2020","North West","Kano","Kano Municipal","Dan'agundi","Government Secondary School, Dan'agundi","Male","all","NABTEB","Polytechnic","115","113","73","29","20","9","2.0","2","40","45","9"
"2019/2020","North West","Kano","Kano Municipal","Dan'agundi","Government Secondary School, Dan'agundi","Male","all","NECO","Polytechnic","227","224","140","57","51","6","2.0","3","84","83","6"
"2019/2020","North West","Kano","Kano Municipal","Dan'agundi","Government Secondary School, Dan'agundi","Male","all","WAEC","Polytechnic","281","277","166","61","52","9","2.0","4","111","105","9"
"2019/2020","North West","Kano","Kano Municipal","Dan'agundi","Government Secondary School, Dan'agundi","Male","disabled","NABTEB","Polytechnic","14","14","8","0","0","0","2.0","0","6","8","0"
"2019/2020","North West","Kano","Kano Municipal","Dan'agundi","Government Secondary School, Dan'agundi","Male","disabled","NECO","Polytechnic","26","26","13","7","7","0","2.0","0","13","7","0"
"2019/2020","North West","Kano","Kano Municipal","Dan'agundi","Government Secondary School, Dan'agundi","Male","disabled","WAEC","Polytechnic","29","29","15","6","6","0","2.0","0","14","10","0"
"2019/2020","North West","Kano","Kano Municipal","Dan'agundi","Unity College, Kano Municipal","Female","all","NABTEB","College of Education","107","105","64","19","20","0","2.1","2","41","45","0"
"2019/2020","North West","Kano","Kano Municipal","Dan'agundi","Unity College, Kano Municipal","Female","all","NECO","College of Education","188","185","103","28","22","6","2.0","3","82","76","6"
"2019/2020","North West","Kano","Kano Municipal","Dan'agundi","Unity College, Kano Municipal","Female","all","WAEC","College of Education","241","237","146","42","39","3","2.0","4","91","105","3"
"2019/2020","North West","Kano","Kano Municipal","Dan'agundi","Unity College, Kano Municipal","Female","disabled","NABTEB","College of Education","14","14","8","0","0","0","2.1","0","6","8","0"
"2019/2020","North West","Kano","Kano Municipal","Dan'agundi","Unity College, Kano Municipal","Female","disabled","NECO","College of Education","19","19","11","0","0","0","2.0","0","8","11","0"
"2019/2020","North West","Kano","Kano Municipal","Dan'agundi","Unity College, Kano Municipal","Female","disabled","WAEC","College of Education","25","25","15","0","0","0","2.0","0","10","15","0"
"2019/2020","North West","Kano","Kano Municipal","Dan'agundi","Unity College, Kano Municipal","Male","all","NABTEB","College of Education","111","109","60","19","20","0","2.1","2","49","41","0"
"2019/2020","North West","Kano","Kano Municipal","Dan'agundi","Unity College, Kano Municipal","Male","all","NECO","College of Education","184","181","107","43","37","6","2.0","3","74","65","6"
"2019/2020","North West","Kano","Kano Municipal","Dan'agundi","Unity College, Kano Municipal","Male","all","WAEC","College of Education","266","262","153","42","39","3","2.0","4","109","111","3"
"2019/2020","North West","Kano","Kano Municipal","Dan'agundi","Unity College, Kano Municipal","Male","disabled","NABTEB","College of Education","12","12","7","0","0","0","2.1","0","5","7","0"
"2019/2020","North West","Kano","Kano Municipal","Dan'agundi","Unity College, Kano Municipal","Male","disabled","NECO","College of Education","19","19","11","7","7","0","2.0","0","8","4","0"
"2019/2020","North West","Kano","Kano Municipal","Dan'agundi","Unity College, Kano Municipal","Male","disabled","WAEC","College of Education","29","29","15","0","0","0","2.0","0","14","15","0"
"2019/2020","North West","Kano","Kano Municipal","Gandun Albasa","Community Secondary School, Gandun Albasa","Female","all","NABTEB","University","130","128","77","19","20","0","1.8","2","51","59","0"
"2019/2020","North West","Kano","Kano Municipal","Gandun Albasa","Community Secondary School, Gandun Albasa","Female","all","NECO","University","261","257","157","43","36","7","1.8","4","100","115","7"
"2019/2020","North West","Kano","Kano Municipal","Gandun Albasa","Community Secondary School, Gandun Albasa","Female","all","WAEC","University","297","293","166","61","52","9","1.8","4","127","106","9"
"2019/2020","North West","Kano","Kano Municipal","Gandun Albasa","Community Secondary School, Gandun Albasa","Female","disabled","NABTEB","University","18","18","8","0","0","0","1.8","0","10","8","0"
"2019/2020","North West","Kano","Kano Municipal","Gandun Albasa","Community Secondary School, Gandun Albasa","Female","disabled","NECO","University","35","34","18","7","7","0","1.8","1","16","11","0"
"2019/2020","North West","Kano","Kano Municipal","Gandun Albasa","Community Secondary School, Gandun Albasa","Female","disabled","WAEC","University","37","36","19","6","7","0","1.8","1","17","14","0"
"2019/2020","North West","Kano","Kano Municipal","Gandun Albasa","Community Secondary School, Gandun Albasa","Male","all","NABTEB","University","170","167","97","19","20","0","1.8","3","70","79","0"
"2019/2020","North West","Kano","Kano Municipal","Gandun Albasa","Community Secondary School, Gandun Albasa","Male","all","NECO","University","320","315","179","35","29","6","1.8","5","136","145","6"
"2019/2020","North West","Kano","Kano Municipal","Gandun Albasa","Community Secondary School, Gandun Albasa","Male","all","WAEC","University","404","398","232","55","46","9","1.8","6","166","177","9"
"2019/2020","North West","Kano","Kano Municipal","Gandun Albasa","Community Secondary School, Gandun Albasa","Male","disabled","NABTEB","University","21","21","11","0","0","0","1.8","0","10","11","0"
"2019/2020","North West","Kano","Kano Municipal","Gandun Albasa","Community Secondary School, Gandun Albasa","Male","disabled","NECO","University","42","41","21","0","0","0","1.8","1","20","21","0"
"2019/2020","North West","Kano","Kano Municipal","Gandun Albasa","Community Secondary School, Gandun Albasa","Male","disabled","WAEC","University","52","51","26","0","0","0","1.8","1","26","26","0"
"2019/2020","North West","Kano","Kano Municipal","Gandun Albasa","Comprehensive High School, Gandun Albasa","Female","all","NABTEB","University","85","84","48","19","20","0","1.8","1","36","29","0"
"2019/2020","North West","Kano","Kano Municipal","Gandun Albasa","Comprehensive High School, Gandun Albasa","Female","all","NECO","University","165","163","94","28","22","6","1.8","2","69","66","6"
"2019/2020","North West","Kano","Kano Municipal","Gandun Albasa","Comprehensive High School, Gandun Albasa","Female","all","WAEC","University","211","208","131","42","39","3","1.8","3","77","89","3"
"2019/2020","North West","Kano","Kano Municipal","Gandun Albasa","Comprehensive High School, Gandun Albasa","Female","disabled","NABTEB","University","14","14","8","0","0","0","1.8","0","6","8","0"
"2019/2020","North West","Kano","Kano Municipal","Gandun Albasa","Comprehensive High School, Gandun Albasa","Female","disabled","NECO","University","19","19","11","0","0","0","1.8","0","8","11","0"
"2019/2020","North West","Kano","Kano Municipal","Gandun Albasa","Comprehensive High School, Gandun Albasa","Female","disabled","WAEC","University","25","25","15","6","7","0","1.8","0","10","10","0"
"2019/2020","North West","Kano","Kano Municipal","Gandun Albasa","Comprehensive High School, Gandun Albasa","Male","all","NABTEB","University","99","98","56","19","20","0","1.8","1","42","37","0"
"2019/2020","North West","Kano","Kano Municipal","Gandun Albasa","Comprehensive High School, Gandun Albasa","Male","all","NECO","University","192","189","110","36","29","7","1.8","3","79","75","7"
"2019/2020","North West","Kano","Kano Municipal","Gandun Albasa","Comprehensive High School, Gandun Albasa","Male","all","WAEC","University","233","230","144","36","33","3","1.8","3","86","108","3"
"2019/2020","North West","Kano","Kano Municipal","Gandun Albasa","Comprehensive High School, Gandun Albasa","Male","disabled","NABTEB","University","14","14","8","0","0","0","1.8","0","6","8","0"
"2019/2020","North West","Kano","Kano Municipal","Gandun Albasa","Comprehensive High School, Gandun Albasa","Male","disabled","NECO","University","23","23","11","0","0","0","1.8","0","12","11","0"
"2019/2020","North West","Kano","Kano Municipal","Gandun Albasa","Comprehensive High School, Gandun Albasa","Male","disabled","WAEC","University","29","29","15","0","0","0","1.8","0","14","15","0"
"2019/2020","North West","Kano","Kano Municipal","Gandun Albasa","Government Secondary School, Gandun Albasa","Female","all","NABTEB","University","157","155","89","29","20","9","1.8","2","66","60","9"
"2019/2020","North West","Kano","Kano Municipal","Gandun Albasa","Government Secondary School, Gandun Albasa","Female","all","NECO","University","331","326","190","71","58","13","1.8","5","136","120","13"
"2019/2020","North West","Kano","Kano Municipal","Gandun Albasa","Government Secondary School, Gandun Albasa","Female","all","WAEC","University","410","404","228","67","59","8","1.8","6","176","162","8"
"2019/2020","North West","Kano","Kano Municipal","Gandun Albasa","Government Secondary School, Gandun Albasa","Female","disabled","NABTEB","University","23","23","11","0","0","0","1.8","0","12","11","0"
"2019/2020","North West","Kano","Kano Municipal","Gandun Albasa","Government Secondary School, Gandun Albasa","Female","disabled","NECO","University","42","41","21","7","7","0","1.8","1","20","15","0"
"2019/2020","North West","Kano","Kano Municipal","Gandun Albasa","Government Secondary School, Gandun Albasa","Female","disabled","WAEC","University","51","50","28","6","7","0","1.8","1","22","22","0"
"2019/2020","North West","Kano","Kano Municipal","Gandun Albasa","Government Secondary School, Gandun Albasa","Male","all","NABTEB","University","169","166","101","29","20","9","1.8","3","65","72","9"
"2019/2020","North West","Kano","Kano Municipal","Gandun Albasa","Government Secondary School, Gandun Albasa","Male","all","NECO","University","303","299","175","50","44","6","1.8","4","124","126","6"
"2019/2020","North West","Kano","Kano Municipal","Gandun Albasa","Government Secondary School, Gandun Albasa","Male","all","WAEC","University","377","371","215","67","59","8","1.8","6","156","149","8"
"2019/2020","North West","Kano","Kano Municipal","Gandun Albasa","Government Secondary School, Gandun Albasa","Male","disabled","NABTEB","University","20","20","11","0","0","0","1.8","0","9","11","0"
"2019/2020","North West","Kano","Kano Municipal","Gandun Albasa","Government Secondary School, Gandun Albasa","Male","disabled","NECO","University","42","41","21","7","7","0","1.8","1","20","15","0"
"2019/2020","North West","Kano","Kano Municipal","Gandun Albasa","Government Secondary School, Gandun Albasa","Male","disabled","WAEC","University","56","55","28","6","7","0","1.8","1","27","23","0"
"2019/2020","North West","Kano","Kano Municipal","Gandun Albasa","Unity College, Kano Municipal","Female","all","NABTEB","College of Education","150","148","93","38","30","9","2.1","2","55","54","9"
"2019/2020","North West","Kano","Kano Municipal","Gandun Albasa","Unity College, Kano Municipal","Female","all","NECO","College of Education","239","235","150","64","58","6","2.0","4","85","87","6"
"2019/2020","North West","Kano","Kano Municipal","Gandun Albasa","Unity College, Kano Municipal","Female","all","WAEC","College of Education","342","337","202","85","72","13","2.0","5","135","118","13"
"2019/2020","North West","Kano","Kano Municipal","Gandun Albasa","Unity College, Kano Municipal","Female","disabled","NABTEB","College of Education","16","16","7","0","0","0","2.1","0","9","7","0"
"2019/2020","North West","Kano","Kano Municipal","Gandun Albasa","Unity College, Kano Municipal","Female","disabled","NECO","College of Education","30","30","18","7","7","0","2.0","0","12","11","0"
"2019/2020","North West","Kano","Kano Municipal","Gandun Albasa","Unity College, Kano Municipal","Female","disabled","WAEC","College of Education","41","40","22","6","7","0","2.0","1","18","17","0"
"2019/2020","North West","Kano","Kano Municipal","Gandun Albasa","Unity College, Kano Municipal","Male","all","NABTEB","College of Education","187","184","117","48","40","9","2.1","3","67","68","9"
"2019/2020","North West","Kano","Kano Municipal","Gandun Albasa","Unity College, Kano Municipal","Male","all","NECO","College of Education","292","288","172","64","58","6","2.0","4","116","109","6"
"2019/2020","North West","Kano","Kano Municipal","Gandun Albasa","Unity College, Kano Municipal","Male","all","WAEC","College of Education","425","419","261","91","78","13","2.0","6","158","171","13"
"2019/2020","North West","Kano","Kano Municipal","Gandun Albasa","Unity College, Kano Municipal","Male","disabled","NABTEB","College of Education","20","20","11","9","9","0","2.1","0","9","2","0"
"2019/2020","North West","Kano","Kano Municipal","Gandun Albasa","Unity College, Kano Municipal","Male","disabled","NECO","College of Education","34","33","21","7","7","0","2.0","1","12","15","0"
"2019/2020","North West","Kano","Kano Municipal","Gandun Albasa","Unity College, Kano Municipal","Male","disabled","WAEC","College of Education","52","51","32","12","13","0","2.0","1","19","21","0"
"2019/2020","North West","Kano","Nasarawa","Dakata","Community Secondary School, Dakata","Female","all","NABTEB","University","104","102","60","19","20","0","1.8","2","42","41","0"
"2019/2020","North West","Kano","Nasarawa","Dakata","Community Secondary School, Dakata","Female","all","NECO","University","200","197","125","57","51","6","1.8","3","72","69","6"
"2019/2020","North West","Kano","Nasarawa","Dakata","Community Secondary School, Dakata","Female","all","WAEC","University","232","229","140","55","46","9","1.8","3","89","86","9"
"2019/2020","North West","Kano","Nasarawa","Dakata","Community Secondary School, Dakata","Female","disabled","NABTEB","University","14","14","8","0","0","0","1.8","0","6","8","0"
"2019/2020","North West","Kano","Nasarawa","Dakata","Community Secondary School, Dakata","Female","disabled","NECO","University","18","18","10","7","7","0","1.8","0","8","4","0"
"2019/2020","North West","Kano","Nasarawa","Dakata","Community Secondary School, Dakata","Female","disabled","WAEC","University","21","21","12","6","6","0","1.8","0","9","7","0"
"2019/2020","North West","Kano","Nasarawa","Dakata","Community Secondary School, Dakata","Male","all","NABTEB","University","115","113","73","19","20","0","1.8","2","40","55","0"
"2019/2020","North West","Kano","Nasarawa","Dakata","Community Secondary School, Dakata","Male","all","NECO","University","235","232","140","35","29","6","1.8","3","92","105","6"
"2019/2020","North West","Kano","Nasarawa","Dakata","Community Secondary School, Dakata","Male","all","WAEC","University","308","303","192","61","52","9","1.8","5","111","131","9"
"2019/2020","North West","Kano","Nasarawa","Dakata","Community Secondary School, Dakata","Male","disabled","NABTEB","University","14","14","8","0","0","0","1.8","0","6","8","0"
"2019/2020","North West","Kano","Nasarawa","Dakata","Community Secondary School, Dakata","Male","disabled","NECO","University","23","23","14","0","0","0","1.8","0","9","14","0"
"2019/2020","North West","Kano","Nasarawa","Dakata","Community Secondary School, Dakata","Male","disabled","WAEC","University","25","25","12","6","6","0","1.8","0","12","7","0"
"2019/2020","North West","Kano","Nasarawa","Dakata","Comprehensive High School, Dakata","Female","all","NABTEB","Polytechnic","96","95","52","19","20","0","2.0","1","43","34","0"
"2019/2020","North West","Kano","Nasarawa","Dakata","Comprehensive High School, Dakata","Female","all","NECO","Polytechnic","169","166","93","35","29","6","2.0","3","73","59","6"
"2019/2020","North West","Kano","Nasarawa","Dakata","Comprehensive High School, Dakata","Female","all","WAEC","Polytechnic","228","225","130","42","39","3","2.0","3","95","88","3"
"2019/2020","North West","Kano","Nasarawa","Dakata","Comprehensive High School, Dakata","Female","disabled","NABTEB","Polytechnic","14","14","8","0","0","0","2.0","0","6","8","0"
"2019/2020","North West","Kano","Nasarawa","Dakata","Comprehensive High School, Dakata","Female","disabled","NECO","Polytechnic","21","21","10","6","6","0","2.0","0","11","4","0"
"2019/2020","North West","Kano","Nasarawa","Dakata","Comprehensive High School, Dakata","Female","disabled","WAEC","Polytechnic","29","29","15","6","6","0","2.0","0","14","10","0"
"2019/2020","North West","Kano","Nasarawa","Dakata","Comprehensive High School, Dakata","Male","all","NABTEB","Polytechnic","86","85","52","19","20","0","2.0","1","33","34","0"
"2019/2020","North West","Kano","Nasarawa","Dakata","Comprehensive High School, Dakata","Male","all","NECO","Polytechnic","160","158","96","28","22","6","2.0","2","62","68","6"
"2019/2020","North West","Kano","Nasarawa","Dakata","Comprehensive High School, Dakata","Male","all","WAEC","Polytechnic","225","222","126","36","33","3","2.0","3","96","91","3"
"2019/2020","North West","Kano","Nasarawa","Dakata","Comprehensive High School, Dakata","Male","disabled","NABTEB","Polytechnic","12","12","7","0","0","0","2.0","0","5","7","0"
"2019/2020","North West","Kano","Nasarawa","Dakata","Comprehensive High School, Dakata","Male","disabled","NECO","Polytechnic","17","17","10","0","0","0","2.0","0","7","10","0"
"2019/2020","North West","Kano","Nasarawa","Dakata","Comprehensive High School, Dakata","Male","disabled","WAEC","Polytechnic","29","29","15","0","0","0","2.0","0","14","15","0"
"2019/2020","North West","Kano","Nasarawa","Dakata","Government Secondary School, Dakata","Female","all","NABTEB","Polytechnic","140","138","85","29","20","9","2.0","2","53","57","9"
"2019/2020","North West","Kano","Nasarawa","Dakata","Government Secondary School, Dakata","Female","all","NECO","Polytechnic","303","299","186","71","58","13","2.0","4","113","116","13"
"2019/2020","North West","Kano","Nasarawa","Dakata","Government Secondary School, Dakata","Female","all","WAEC","Polytechnic","365","360","222","79","72","7","2.0","5","138","143","7"
"2019/2020","North West","Kano","Nasarawa","Dakata","Government Secondary School, Dakata","Female","disabled","NABTEB","Polytechnic","18","18","12","0","0","0","2.0","0","6","12","0"
"2019/2020","North West","Kano","Nasarawa","Dakata","Government Secondary School, Dakata","Female","disabled","NECO","Polytechnic","41","40","21","7","7","0","2.0","1","19","14","0"
"2019/2020","North West","Kano","Nasarawa","Dakata","Government Secondary School, Dakata","Female","disabled","WAEC","Polytechnic","52","51","28","6","7","0","2.0","1","23","23","0"
"2019/2020","North West","Kano","Nasarawa","Dakata","Government Secondary School, Dakata","Male","all","NABTEB","Polytechnic","169","166","105","39","30","9","2.0","3","61","66","9"
"2019/2020","North West","Kano","Nasarawa","Dakata","Government Secondary School, Dakata","Male","all","NECO","Polytechnic","373","367","211","71","58","13","2.0","6","156","140","13"
"2019/2020","North West","Kano","Nasarawa","Dakata","Government Secondary School, Dakata","Male","all","WAEC","Polytechnic","425","419","251","79","72","7","2.0","6","168","173","7"
"2019/2020","North West","Kano","Nasarawa","Dakata","Government Secondary School, Dakata","Male","disabled","NABTEB","Polytechnic","25","25","16","10","10","0","2.0","0","9","6","0"
"2019/2020","North West","Kano","Nasarawa","Dakata","Government Secondary School, Dakata","Male","disabled","NECO","Polytechnic","49","48","24","7","7","0","2.0","1","24","18","0"
"2019/2020","North West","Kano","Nasarawa","Dakata","Government Secondary School, Dakata","Male","disabled","WAEC","Polytechnic","63","62","35","12","13","0","2.0","1","27","24","0"
"2019/2020","North West","Kano","Nasarawa","Dakata","Unity College, Nasarawa","Female","all","NABTEB","College of Education","100","99","56","19","20","0","2.1","1","43","38","0"
"2019/2020","North West","Kano","Nasarawa","Dakata","Unity College, Nasarawa","Female","all","NECO","College of Education","169","166","103","28","22","6","2.0","3","63","76","6"
"2019/2020","North West","Kano","Nasarawa","Dakata","Unity College, Nasarawa","Female","all","WAEC","College of Education","194","191","117","36","33","3","2.0","3","74","81","3"
"2019/2020","North West","Kano","Nasarawa","Dakata","Unity College, Nasarawa","Female","disabled","NABTEB","College of Education","14","14","8","0","0","0","2.1","0","6","8","0"
"2019/2020","North West","Kano","Nasarawa","Dakata","Unity College, Nasarawa","Female","disabled","NECO","College of Education","14","14","10","0","0","0","2.0","0","4","10","0"
"2019/2020","North West","Kano","Nasarawa","Dakata","Unity College, Nasarawa","Female","disabled","WAEC","College of Education","14","14","9","0","0","0","2.0","0","5","9","0"
"2019/2020","North West","Kano","Nasarawa","Dakata","Unity College, Nasarawa","Male","all","NABTEB","College of Education","112","110","69","19","20","0","2.1","2","41","51","0"
"2019/2020","North West","Kano","Nasarawa","Dakata","Unity College, Nasarawa","Male","all","NECO","College of Education","188","185","107","28","22","6","2.0","3","78","80","6"
"2019/2020","North West","Kano","Nasarawa","Dakata","Unity College, Nasarawa","Male","all","WAEC","College of Education","237","233","143","48","39","9","2.0","4","90","96","9"
"2019/2020","North West","Kano","Nasarawa","Dakata","Unity College, Nasarawa","Male","disabled","NABTEB","College of Education","14","14","8","0","0","0","2.1","0","6","8","0"
"2019/2020","North West","Kano","Nasarawa","Dakata","Unity College, Nasarawa","Male","disabled","NECO","College of Education","14","14","7","0","0","0","2.0","0","7","7","0"
"2019/2020","North West","Kano","Nasarawa","Dakata","Unity College, Nasarawa","Male","disabled","WAEC","College of Education","18","18","9","0","0","0","2.0","0","9","9","0"
"2019/2020","North West","Kano","Nasarawa","Gama","Community Secondary School, Gama","Female","all","NABTEB","College of Education","78","77","44","10","10","0","2.1","1","33","34","0"
"2019/2020","North West","Kano","Nasarawa","Gama","Community Secondary School, Gama","Female","all","NECO","College of Education","154","152","90","28","22","6","2.0","2","62","62","6"
"2019/2020","North West","Kano","Nasarawa","Gama","Community Secondary School, Gama","Female","all","WAEC","College of Education","206","203","120","42","39","3","2.0","3","83","79","3"
"2019/2020","North West","Kano","Nasarawa","Gama","Community Secondary School, Gama","Female","disabled","NABTEB","College of Education","14","14","8","0","0","0","2.1","0","6","8","0"
"2019/2020","North West","Kano","Nasarawa","Gama","Community Secondary School, Gama","Female","disabled","NECO","College of Education","15","15","7","0","0","0","2.0","0","8","7","0"
"2019/2020","North West","Kano","Nasarawa","Gama","Community Secondary School, Gama","Female","disabled","WAEC","College of Education","21","21","12","6","7","0","2.0","0","9","7","0"
"2019/2020","North West","Kano","Nasarawa","Gama","Community Secondary School, Gama","Male","all","NABTEB","College of Education","78","77","48","10","10","0","2.1","1","29","38","0"
"2019/2020","North West","Kano","Nasarawa","Gama","Community Secondary School, Gama","Male","all","NECO","College of Education","142","140","78","28","22","6","2.0","2","62","51","6"
"2019/2020","North West","Kano","Nasarawa","Gama","Community Secondary School, Gama","Male","all","WAEC","College of Education","199","196","120","36","33","3","2.0","3","76","85","3"
"2019/2020","North West","Kano","Nasarawa","Gama","Community Secondary School, Gama","Male","disabled","NABTEB","College of Education","14","14","8","0","0","0","2.1","0","6","8","0"
"2019/2020","North West","Kano","Nasarawa","Gama","Community Secondary School, Gama","Male","disabled","NECO","College of Education","15","15","7","0","0","0","2.0","0","8","7","0"
"2019/2020","North West","Kano","Nasarawa","Gama","Community Secondary School, Gama","Male","disabled","WAEC","College of Education","21","21","12","6","7","0","2.0","0","9","7","0"
"2019/2020","North West","Kano","Nasarawa","Gama","Comprehensive High School, Gama","Female","all","NABTEB","College of Education","140","138","77","19","20","0","2.1","2","61","59","0"
"2019/2020","North West","Kano","Nasarawa","Gama","Comprehensive High School, Gama","Female","all","NECO","College of Education","239","235","132","43","36","7","2.0","4","103","90","7"
"2019/2020","North West","Kano","Nasarawa","Gama","Comprehensive High School, Gama","Female","all","WAEC","College of Education","338","333","189","49","46","3","2.0","5","144","141","3"
"2019/2020","North West","Kano","Nasarawa","Gama","Comprehensive High School, Gama","Female","disabled","NABTEB","College of Education","14","14","8","0","0","0","2.1","0","6","8","0"
"2019/2020","North West","Kano","Nasarawa","Gama","Comprehensive High School, Gama","Female","disabled","NECO","College of Education","19","19","11","0","0","0","2.0","0","8","11","0"
"2019/2020","North West","Kano","Nasarawa","Gama","Comprehensive High School, Gama","Female","disabled","WAEC","College of Education","25","25","12","0","0","0","2.0","0","12","12","0"
"2019/2020","North West","Kano","Nasarawa","Gama","Comprehensive High School, Gama","Male","all","NABTEB","College of Education","147","145","85","29","30","0","2.1","2","60","57","0"
"2019/2020","North West","Kano","Nasarawa","Gama","Comprehensive High School, Gama","Male","all","NECO","College of Education","295","291","175","50","44","6","2.0","4","116","125","6"
"2019/2020","North West","Kano","Nasarawa","Gama","Comprehensive High School, Gama","Male","all","WAEC","College of Education","353","348","208","48","39","9","2.0","5","140","161","9"
"2019/2020","North West","Kano","Nasarawa","Gama","Comprehensive High School, Gama","Male","disabled","NABTEB","College of Education","14","14","8","0","0","0","2.1","0","6","8","0"
"2019/2020","North West","Kano","Nasarawa","Gama","Comprehensive High School, Gama","Male","disabled","NECO","College of Education","23","23","14","0","0","0","2.0","0","9","14","0"
"2019/2020","North West","Kano","Nasarawa","Gama","Comprehensive High School, Gama","Male","disabled","WAEC","College of Education","29","29","15","0","0","0","2.0","0","14","15","0"
"2019/2020","North West","Kano","Nasarawa","Gama","Government Secondary School, Gama","Female","all","NABTEB","University","144","142","89","39","30","9","1.8","2","53","51","9"
"2019/2020","North West","Kano","Nasarawa","Gama","Government Secondary School, Gama","Female","all","NECO","University","254","250","154","57","51","6","1.8","4","96","98","6"
"2019/2020","North West","Kano","Nasarawa","Gama","Government Secondary School, Gama","Female","all","WAEC","University","337","332","211","73","65","8","1.8","5","121","138","8"
"2019/2020","North West","Kano","Nasarawa","Gama","Government Secondary School, Gama","Female","disabled","NABTEB","University","14","14","8","0","0","0","1.8","0","6","8","0"
"2019/2020","North West","Kano","Nasarawa","Gama","Government Secondary School, Gama","Female","disabled","NECO","University","26","26","13","0","0","0","1.8","0","13","13","0"
"2019/2020","North West","Kano","Nasarawa","Gama","Government Secondary School, Gama","Female","disabled","WAEC","University","32","32","19","6","7","0","1.8","0","13","14","0"
"2019/2020","North West","Kano","Nasarawa","Gama","Government Secondary School, Gama","Male","all","NABTEB","University","129","127","73","29","20","9","1.8","2","54","44","9"
"2019/2020","North West","Kano","Nasarawa","Gama","Government Secondary School, Gama","Male","all","NECO","University","265","261","154","50","44","6","1.8","4","107","105","6"
"2019/2020","North West","Kano","Nasarawa","Gama","Government Secondary School, Gama","Male","all","WAEC","University","353","348","221","67","59","8","1.8","5","127","155","8"
"2019/2020","North West","Kano","Nasarawa","Gama","Government Secondary School, Gama","Male","disabled","NABTEB","University","14","14","8","0","0","0","1.8","0","6","8","0"
"2019/2020","North West","Kano","Nasarawa","Gama","Government Secondary School, Gama","Male","disabled","NECO","University","26","26","13","7","7","0","1.8","0","13","7","0"
"2019/2020","North West","Kano","Nasarawa","Gama","Government Secondary School, Gama","Male","disabled","WAEC","University","32","32","19","0","0","0","1.8","0","13","19","0"
"2019/2020","North West","Kano","Nasarawa","Gama","Unity College, Nasarawa","Female","all","NABTEB","College of Education","92","91","56","28","29","0","2.1","1","35","27","0"
"2019/2020","North West","Kano","Nasarawa","Gama","Unity College, Nasarawa","Female","all","NECO","College of Education","164","162","100","35","29","6","2.0","2","62","66","6"
"2019/2020","North West","Kano","Nasarawa","Gama","Unity College, Nasarawa","Female","all","WAEC","College of Education","214","211","130","48","46","2","2.0","3","81","83","2"
"2019/2020","North West","Kano","Nasarawa","Gama","Unity College, Nasarawa","Female","disabled","NABTEB","College of Education","14","14","8","10","10","0","2.1","0","6","0","0"
"2019/2020","North West","Kano","Nasarawa","Gama","Unity College, Nasarawa","Female","disabled","NECO","College of Education","18","18","10","7","7","0","2.0","0","8","4","0"
"2019/2020","North West","Kano","Nasarawa","Gama","Unity College, Nasarawa","Female","disabled","WAEC","College of Education","25","25","15","6","7","0","2.0","0","10","10","0"
"2019/2020","North West","Kano","Nasarawa","Gama","Unity College, Nasarawa","Male","all","NABTEB","College of Education","92","91","52","19","20","0","2.1","1","39","33","0"
"2019/2020","North West","Kano","Nasarawa","Gama","Unity College, Nasarawa","Male","all","NECO","College of Education","169","166","103","43","36","7","2.0","3","63","61","7"
"2019/2020","North West","Kano","Nasarawa","Gama","Unity College, Nasarawa","Male","all","WAEC","College of Education","229","226","133","42","39","3","2.0","3","93","92","3"
"2019/2020","North West","Kano","Nasarawa","Gama","Unity College, Nasarawa","Male","disabled","NABTEB","College of Education","14","14","8","0","0","0","2.1","0","6","8","0"
"2019/2020","North West","Kano","Nasarawa","Gama","Unity College, Nasarawa","Male","disabled","NECO","College of Education","18","18","10","7","7","0","2.0","0","8","4","0"
"2019/2020","North West","Kano","Nasarawa","Gama","Unity College, Nasarawa","Male","disabled","WAEC","College of Education","25","25","15","6","7","0","2.0","0","10","10","0"
"2019/2020","North West","Kano","Nasarawa","Gawuna","Community Secondary School, Gawuna","Female","all","NABTEB","University","74","73","48","28","29","0","1.8","1","25","19","0"
"2019/2020","North West","Kano","Nasarawa","Gawuna","Community Secondary School, Gawuna","Female","all","NECO","University","150","148","97","43","36","7","1.8","2","51","54","7"
"2019/2020","North West","Kano","Nasarawa","Gawuna","Community Secondary School, Gawuna","Female","all","WAEC","University","165","163","101","36","33","3","1.8","2","62","65","3"
"2019/2020","North West","Kano","Nasarawa","Gawuna","Community Secondary School, Gawuna","Female","disabled","NABTEB","University","14","14","8","10","10","0","1.8","0","6","0","0"
"2019/2020","North West","Kano","Nasarawa","Gawuna","Community Secondary School, Gawuna","Female","disabled","NECO","University","18","18","10","7","7","0","1.8","0","8","4","0"
"2019/2020","North West","Kano","Nasarawa","Gawuna","Community Secondary School, Gawuna","Female","disabled","WAEC","University","21","21","12","6","7","0","1.8","0","9","7","0"
"2019/2020","North West","Kano","Nasarawa","Gawuna","Community Secondary School, Gawuna","Male","all","NABTEB","University","75","74","48","19","20","0","1.8","1","26","30","0"
"2019/2020","North West","Kano","Nasarawa","Gawuna","Community Secondary School, Gawuna","Male","all","NECO","University","130","128","75","21","22","0","1.8","2","53","55","0"
"2019/2020","North West","Kano","Nasarawa","Gawuna","Community Secondary School, Gawuna","Male","all","WAEC","University","158","156","92","36","33","3","1.8","2","64","56","3"
"2019/2020","North West","Kano","Nasarawa","Gawuna","Community Secondary School, Gawuna","Male","disabled","NABTEB","University","14","14","8","0","0","0","1.8","0","6","8","0"
"2019/2020","North West","Kano","Nasarawa","Gawuna","Community Secondary School, Gawuna","Male","disabled","NECO","University","14","14","7","0","0","0","1.8","0","7","7","0"
"2019/2020","North West","Kano","Nasarawa","Gawuna","Community Secondary School, Gawuna","Male","disabled","WAEC","University","18","18","9","6","7","0","1.8","0","9","4","0"
"2019/2020","North West","Kano","Nasarawa","Gawuna","Comprehensive High School, Gawuna","Female","all","NABTEB","Polytechnic","89","88","52","19","20","0","2.0","1","36","34","0"
"2019/2020","North West","Kano","Nasarawa","Gawuna","Comprehensive High School, Gawuna","Female","all","NECO","Polytechnic","180","177","103","36","29","7","2.0","3","74","67","7"
"2019/2020","North West","Kano","Nasarawa","Gawuna","Comprehensive High School, Gawuna","Female","all","WAEC","Polytechnic","268","264","157","49","46","3","2.0","4","107","108","3"
"2019/2020","North West","Kano","Nasarawa","Gawuna","Comprehensive High School, Gawuna","Female","disabled","NABTEB","Polytechnic","14","14","8","0","0","0","2.0","0","6","8","0"
"2019/2020","North West","Kano","Nasarawa","Gawuna","Comprehensive High School, Gawuna","Female","disabled","NECO","Polytechnic","21","21","13","6","6","0","2.0","0","8","6","0"
"2019/2020","North West","Kano","Nasarawa","Gawuna","Comprehensive High School, Gawuna","Female","disabled","WAEC","Polytechnic","32","32","19","6","7","0","2.0","0","13","14","0"
"2019/2020","North West","Kano","Nasarawa","Gawuna","Comprehensive High School, Gawuna","Male","all","NABTEB","Polytechnic","96","95","56","19","20","0","2.0","1","39","38","0"
"2019/2020","North West","Kano","Nasarawa","Gawuna","Comprehensive High School, Gawuna","Male","all","NECO","Polytechnic","164","162","96","36","29","7","2.0","2","66","61","7"
"2019/2020","North West","Kano","Nasarawa","Gawuna","Comprehensive High School, Gawuna","Male","all","WAEC","Polytechnic","271","267","167","49","39","10","2.0","4","100","118","10"
"2019/2020","North West","Kano","Nasarawa","Gawuna","Comprehensive High School, Gawuna","Male","disabled","NABTEB","Polytechnic","14","14","8","0","0","0","2.0","0","6","8","0"
"2019/2020","North West","Kano","Nasarawa","Gawuna","Comprehensive High School, Gawuna","Male","disabled","NECO","Polytechnic","23","23","11","7","7","0","2.0","0","12","4","0"
"2019/2020","North West","Kano","Nasarawa","Gawuna","Comprehensive High School, Gawuna","Male","disabled","WAEC","Polytechnic","37","36","19","0","0","0","2.0","1","17","19","0"
"2019/2020","North West","Kano","Nasarawa","Gawuna","Government Secondary School, Gawuna","Female","all","NABTEB","Polytechnic","154","152","89","29","20","9","2.0","2","63","60","9"
"2019/2020","North West","Kano","Nasarawa","Gawuna","Government Secondary School, Gawuna","Female","all","NECO","Polytechnic","334","329","190","57","51","6","2.0","5","139","133","6"
"2019/2020","North West","Kano","Nasarawa","Gawuna","Government Secondary School, Gawuna","Female","all","WAEC","Polytechnic","381","375","222","73","65","8","2.0","6","153","149","8"
"2019/2020","North West","Kano","Nasarawa","Gawuna","Government Secondary School, Gawuna","Female","disabled","NABTEB","Polytechnic","14","14","8","0","0","0","2.0","0","6","8","0"
"2019/2020","North West","Kano","Nasarawa","Gawuna","Government Secondary School, Gawuna","Female","disabled","NECO","Polytechnic","28","28","13","0","0","0","2.0","0","15","13","0"
"2019/2020","North West","Kano","Nasarawa","Gawuna","Government Secondary School, Gawuna","Female","disabled","WAEC","Polytechnic","38","37","20","6","7","0","2.0","1","17","14","0"
"2019/2020","North West","Kano","Nasarawa","Gawuna","Government Secondary School, Gawuna","Male","all","NABTEB","Polytechnic","154","152","93","29","20","9","2.0","2","59","64","9"
"2019/2020","North West","Kano","Nasarawa","Gawuna","Government Secondary School, Gawuna","Male","all","NECO","Polytechnic","357","352","215","57","51","6","2.0","5","137","158","6"
"2019/2020","North West","Kano","Nasarawa","Gawuna","Government Secondary School, Gawuna","Male","all","WAEC","Polytechnic","368","363","212","55","46","9","2.0","5","151","158","9"
"2019/2020","North West","Kano","Nasarawa","Gawuna","Government Secondary School, Gawuna","Male","disabled","NABTEB","Polytechnic","14","14","8","0","0","0","2.0","0","6","8","0"
"2019/2020","North West","Kano","Nasarawa","Gawuna","Government Secondary School, Gawuna","Male","disabled","NECO","Polytechnic","33","32","17","7","7","0","2.0","1","15","10","0"
"2019/2020","North West","Kano","Nasarawa","Gawuna","Government Secondary School, Gawuna","Male","disabled","WAEC","Polytechnic","37","36","22","0","0","0","2.0","1","14","22","0"
"2019/2020","North West","Kano","Nasarawa","Gawuna","Unity College, Nasarawa","Female","all","NABTEB","College of Education","154","152","89","29","20","9","2.1","2","63","61","9"
"2019/2020","North West","Kano","Nasarawa","Gawuna","Unity College, Nasarawa","Female","all","NECO","College of Education","292","288","182","71","58","13","2.0","4","106","112","13"
"2019/2020","North West","Kano","Nasarawa","Gawuna","Unity College, Nasarawa","Female","all","WAEC","College of Education","373","367","218","67","59","8","2.0","6","149","152","8"
"2019/2020","North West","Kano","Nasarawa","Gawuna","Unity College, Nasarawa","Female","disabled","NABTEB","College of Education","14","14","8","0","0","0","2.1","0","6","8","0"
"2019/2020","North West","Kano","Nasarawa","Gawuna","Unity College, Nasarawa","Female","disabled","NECO","College of Education","25","25","13","6","6","0","2.0","0","12","6","0"
"2019/2020","North West","Kano","Nasarawa","Gawuna","Unity College, Nasarawa","Female","disabled","WAEC","College of Education","32","32","19","6","7","0","2.0","0","13","14","0"
"2019/2020","North West","Kano","Nasarawa","Gawuna","Unity College, Nasarawa","Male","all","NABTEB","College of Education","179","176","105","29","20","9","2.1","3","71","76","9"
"2019/2020","North West","Kano","Nasarawa","Gawuna","Unity College, Nasarawa","Male","all","NECO","College of Education","373","367","229","57","51","6","2.0","6","138","172","6"
"2019/2020","North West","Kano","Nasarawa","Gawuna","Unity College, Nasarawa","Male","all","WAEC","College of Education","421","415","241","73","65","8","2.0","6","174","169","8"
"2019/2020","North West","Kano","Nasarawa","Gawuna","Unity College, Nasarawa","Male","disabled","NABTEB","College of Education","18","18","8","0","0","0","2.1","0","10","8","0"
"2019/2020","North West","Kano","Nasarawa","Gawuna","Unity College, Nasarawa","Male","disabled","NECO","College of Education","33","32","17","0","0","0","2.0","1","15","17","0"
"2019/2020","North West","Kano","Nasarawa","Gawuna","Unity College, Nasarawa","Male","disabled","WAEC","College of Education","41","40","22","6","7","0","2.0","1","18","17","0"
"2020/2021","North West","Kano","Dala","Adakawa","Community Secondary School, Adakawa","Female","all","NABTEB","University","142","140","86","26","27","0","1.6","2","54","60","0"
"2020/2021","North West","Kano","Dala","Adakawa","Community Secondary School, Adakawa","Female","all","NECO","University","327","322","190","54","49","5","1.6","5","132","136","5"
"2020/2021","North West","Kano","Dala","Adakawa","Community Secondary School, Adakawa","Female","all","WAEC","University","428","422","242","81","74","7","1.6","6","180","162","7"
"2020/2021","North West","Kano","Dala","Adakawa","Community Secondary School, Adakawa","Female","disabled","NABTEB","University","14","14","7","0","0","0","1.6","0","7","7","0"
"2020/2021","North West","Kano","Dala","Adakawa","Community Secondary School, Adakawa","Female","disabled","NECO","University","31","31","18","7","7","0","1.6","0","13","12","0"
"2020/2021","North West","Kano","Dala","Adakawa","Community Secondary School, Adakawa","Female","disabled","WAEC","University","42","41","23","6","6","0","1.6","1","18","18","0"
"2020/2021","North West","Kano","Dala","Adakawa","Community Secondary School, Adakawa","Male","all","NABTEB","University","177","174","103","26","18","8","1.6","3","71","78","8"
"2020/2021","North West","Kano","Dala","Adakawa","Community Secondary School, Adakawa","Male","all","NECO","University","323","318","190","48","42","6","1.6","5","128","142","6"
"2020/2021","North West","Kano","Dala","Adakawa","Community Secondary School, Adakawa","Male","all","WAEC","University","463","456","266","75","68","7","1.6","7","190","191","7"
"2020/2021","North West","Kano","Dala","Adakawa","Community Secondary School, Adakawa","Male","disabled","NABTEB","University","18","18","8","0","0","0","1.6","0","10","8","0"
"2020/2021","North West","Kano","Dala","Adakawa","Community Secondary School, Adakawa","Male","disabled","NECO","University","36","35","19","0","0","0","1.6","1","16","19","0"
"2020/2021","North West","Kano","Dala","Adakawa","Community Secondary School, Adakawa","Male","disabled","WAEC","University","46","45","26","6","6","0","1.6","1","19","21","0"
"2020/2021","North West","Kano","Dala","Adakawa","Comprehensive High School, Adakawa","Female","all","NABTEB","College of Education","65","64","36","9","9","0","1.9","1","28","27","0"
"2020/2021","North West","Kano","Dala","Adakawa","Comprehensive High School, Adakawa","Female","all","NECO","College of Education","116","114","67","27","21","6","1.8","2","47","41","6"
"2020/2021","North West","Kano","Dala","Adakawa","Comprehensive High School, Adakawa","Female","all","WAEC","College of Education","142","140","80","35","31","4","1.8","2","60","45","4"
"2020/2021","North West","Kano","Dala","Adakawa","Comprehensive High School, Adakawa","Female","disabled","NABTEB","College of Education","14","14","7","0","0","0","1.9","0","7","7","0"
"2020/2021","North West","Kano","Dala","Adakawa","Comprehensive High School, Adakawa","Female","disabled","NECO","College of Education","15","15","7","7","7","0","1.8","0","8","0","0"
"2020/2021","North West","Kano","Dala","Adakawa","Comprehensive High School, Adakawa","Female","disabled","WAEC","College of Education","19","19","10","6","6","0","1.8","0","9","4","0"
"2020/2021","North West","Kano","Dala","Adakawa","Comprehensive High School, Adakawa","Male","all","NABTEB","College of Education","77","76","45","9","9","0","1.9","1","31","37","0"
"2020/2021","North West","Kano","Dala","Adakawa","Comprehensive High School, Adakawa","Male","all","NECO","College of Education","135","133","82","20","14","6","1.8","2","51","63","6"
"2020/2021","North West","Kano","Dala","Adakawa","Comprehensive High School, Adakawa","Male","all","WAEC","College of Education","150","148","87","29","25","4","1.8","2","61","58","4"
"2020/2021","North West","Kano","Dala","Adakawa","Comprehensive High School, Adakawa","Male","disabled","NABTEB","College of Education","14","14","7","0","0","0","1.9","0","7","7","0"
"2020/2021","North West","Kano","Dala","Adakawa","Comprehensive High School, Adakawa","Male","disabled","NECO","College of Education","15","15","7","0","0","0","1.8","0","8","7","0"
"2020/2021","North West","Kano","Dala","Adakawa","Comprehensive High School, Adakawa","Male","disabled","WAEC","College of Education","19","19","10","6","6","0","1.8","0","9","4","0"
"2020/2021","North West","Kano","Dala","Adakawa","Government Secondary School, Adakawa","Female","all","NABTEB","College of Education","177","174","115","43","35","8","1.9","3","59","73","8"
"2020/2021","North West","Kano","Dala","Adakawa","Government Secondary School, Adakawa","Female","all","NECO","College of Education","360","355","228","88","76","12","1.8","5","127","141","12"
"2020/2021","North West","Kano","Dala","Adakawa","Government Secondary School, Adakawa","Female","all","WAEC","College of Education","408","402","266","103","93","11","1.8","6","136","162","11"
"2020/2021","North West","Kano","Dala","Adakawa","Government Secondary School, Adakawa","Female","disabled","NABTEB","College of Education","21","21","12","9","9","0","1.9","0","9","4","0"
"2020/2021","North West","Kano","Dala","Adakawa","Government Secondary School, Adakawa","Female","disabled","NECO","College of Education","40","39","22","7","7","0","1.8","1","17","15","0"
"2020/2021","North West","Kano","Dala","Adakawa","Government Secondary School, Adakawa","Female","disabled","WAEC","College of Education","50","49","29","11","12","0","1.8","1","20","19","0"
"2020/2021","North West","Kano","Dala","Adakawa","Government Secondary School, Adakawa","Male","all","NABTEB","College of Education","170","167","111","43","35","8","1.9","3","56","69","8"
"2020/2021","North West","Kano","Dala","Adakawa","Government Secondary School, Adakawa","Male","all","NECO","College of Education","312","307","190","61","48","13","1.8","5","117","130","13"
"2020/2021","North West","Kano","Dala","Adakawa","Government Secondary School, Adakawa","Male","all","WAEC","College of Education","382","376","228","81","74","7","1.8","6","148","148","7"
"2020/2021","North West","Kano","Dala","Adakawa","Government Secondary School, Adakawa","Male","disabled","NABTEB","College of Education","21","21","12","9","9","0","1.9","0","9","4","0"
"2020/2021","North West","Kano","Dala","Adakawa","Government Secondary School, Adakawa","Male","disabled","NECO","College of Education","40","39","23","7","7","0","1.8","1","16","16","0"
"2020/2021","North West","Kano","Dala","Adakawa","Government Secondary School, Adakawa","Male","disabled","WAEC","College of Education","43","42","24","6","6","0","1.8","1","18","18","0"
"2020/2021","North West","Kano","Dala","Adakawa","Unity College, Dala","Female","all","NABTEB","University","157","155","95","34","27","7","1.6","2","60","61","7"
"2020/2021","North West","Kano","Dala","Adakawa","Unity College, Dala","Female","all","NECO","University","312","307","183","54","42","12","1.6","5","124","130","12"
"2020/2021","North West","Kano","Dala","Adakawa","Unity College, Dala","Female","all","WAEC","University","386","380","242","75","68","7","1.6","6","138","168","7"
"2020/2021","North West","Kano","Dala","Adakawa","Unity College, Dala","Female","disabled","NABTEB","University","21","21","12","0","0","0","1.6","0","9","12","0"
"2020/2021","North West","Kano","Dala","Adakawa","Unity College, Dala","Female","disabled","NECO","University","40","39","22","0","0","0","1.6","1","17","22","0"
"2020/2021","North West","Kano","Dala","Adakawa","Unity College, Dala","Female","disabled","WAEC","University","50","49","26","6","6","0","1.6","1","23","21","0"
"2020/2021","North West","Kano","Dala","Adakawa","Unity College, Dala","Male","all","NABTEB","University","146","144","86","26","27","0","1.6","2","58","60","0"
"2020/2021","North West","Kano","Dala","Adakawa","Unity College, Dala","Male","all","NECO","University","324","319","187","54","49","5","1.6","5","132","134","5"
"2020/2021","North West","Kano","Dala","Adakawa","Unity College, Dala","Male","all","WAEC","University","404","398","242","69","62","7","1.6","6","156","173","7"
"2020/2021","North West","Kano","Dala","Adakawa","Unity College, Dala","Male","disabled","NABTEB","University","18","18","8","0","0","0","1.6","0","10","8","0"
"2020/2021","North West","Kano","Dala","Adakawa","Unity College, Dala","Male","disabled","NECO","University","40","39","23","7","7","0","1.6","1","16","16","0"
"2020/2021","North West","Kano","Dala","Adakawa","Unity College, Dala","Male","disabled","WAEC","University","50","49","29","6","6","0","1.6","1","20","24","0"
"2020/2021","North West","Kano","Dala","Bakin Ruwa","Community Secondary School, Bakin Ruwa","Female","all","NABTEB","College of Education","213","210","124","34","27","7","1.9","3","86","90","7"
"2020/2021","North West","Kano","Dala","Bakin Ruwa","Community Secondary School, Bakin Ruwa","Female","all","NECO","College of Education","356","351","220","68","62","6","1.8","5","131","153","6"
"2020/2021","North West","Kano","Dala","Bakin Ruwa","Community Secondary School, Bakin Ruwa","Female","all","WAEC","College of Education","548","540","336","98","87","11","1.8","8","204","238","11"
"2020/2021","North West","Kano","Dala","Bakin Ruwa","Community Secondary School, Bakin Ruwa","Female","disabled","NABTEB","College of Education","22","22","13","0","0","0","1.9","0","9","13","0"
"2020/2021","North West","Kano","Dala","Bakin Ruwa","Community Secondary School, Bakin Ruwa","Female","disabled","NECO","College of Education","36","35","22","7","7","0","1.8","1","13","16","0"
"2020/2021","North West","Kano","Dala","Bakin Ruwa","Community Secondary School, Bakin Ruwa","Female","disabled","WAEC","College of Education","54","53","29","6","6","0","1.8","1","24","24","0"
"2020/2021","North West","Kano","Dala","Bakin Ruwa","Community Secondary School, Bakin Ruwa","Male","all","NABTEB","College of Education","181","178","111","26","18","8","1.9","3","67","86","8"
"2020/2021","North West","Kano","Dala","Bakin Ruwa","Community Secondary School, Bakin Ruwa","Male","all","NECO","College of Education","352","347","205","54","49","5","1.8","5","142","152","5"
"2020/2021","North West","Kano","Dala","Bakin Ruwa","Community Secondary School, Bakin Ruwa","Male","all","WAEC","College of Education","514","506","316","98","87","11","1.8","8","190","219","11"
"2020/2021","North West","Kano","Dala","Bakin Ruwa","Community Secondary School, Bakin Ruwa","Male","disabled","NABTEB","College of Education","18","18","8","0","0","0","1.9","0","10","8","0"
"2020/2021","North West","Kano","Dala","Bakin Ruwa","Community Secondary School, Bakin Ruwa","Male","disabled","NECO","College of Education","40","39","23","7","7","0","1.8","1","16","16","0"
"2020/2021","North West","Kano","Dala","Bakin Ruwa","Community Secondary School, Bakin Ruwa","Male","disabled","WAEC","College of Education","54","53","29","6","6","0","1.8","1","24","24","0"
"2020/2021","North West","Kano","Dala","Bakin Ruwa","Comprehensive High School, Bakin Ruwa","Female","all","NABTEB","College of Education","94","93","57","25","26","0","1.9","1","36","31","0"
"2020/2021","North West","Kano","Dala","Bakin Ruwa","Comprehensive High School, Bakin Ruwa","Female","all","NECO","College of Education","192","189","127","48","42","6","1.8","3","62","80","6"
"2020/2021","North West","Kano","Dala","Bakin Ruwa","Comprehensive High School, Bakin Ruwa","Female","all","WAEC","College of Education","244","240","147","52","50","2","1.8","4","93","95","2"
"2020/2021","North West","Kano","Dala","Bakin Ruwa","Comprehensive High School, Bakin Ruwa","Female","disabled","NABTEB","College of Education","14","14","7","8","8","0","1.9","0","7","0","0"
"2020/2021","North West","Kano","Dala","Bakin Ruwa","Comprehensive High School, Bakin Ruwa","Female","disabled","NECO","College of Education","27","27","18","7","7","0","1.8","0","9","12","0"
"2020/2021","North West","Kano","Dala","Bakin Ruwa","Comprehensive High School, Bakin Ruwa","Female","disabled","WAEC","College of Education","35","34","19","6","6","0","1.8","1","15","14","0"
"2020/2021","North West","Kano","Dala","Bakin Ruwa","Comprehensive High School, Bakin Ruwa","Male","all","NABTEB","College of Education","118","116","78","26","18","8","1.9","2","38","53","8"
"2020/2021","North West","Kano","Dala","Bakin Ruwa","Comprehensive High School, Bakin Ruwa","Male","all","NECO","College of Education","248","244","153","61","55","6","1.8","4","91","93","6"
"2020/2021","North West","Kano","Dala","Bakin Ruwa","Comprehensive High School, Bakin Ruwa","Male","all","WAEC","College of Education","280","276","178","64","56","8","1.8","4","98","115","8"
"2020/2021","North West","Kano","Dala","Bakin Ruwa","Comprehensive High School, Bakin Ruwa","Male","disabled","NABTEB","College of Education","14","14","7","0","0","0","1.9","0","7","7","0"
"2020/2021","North West","Kano","Dala","Bakin Ruwa","Comprehensive High School, Bakin Ruwa","Male","disabled","NECO","College of Education","31","31","18","7","7","0","1.8","0","13","12","0"
"2020/2021","North West","Kano","Dala","Bakin Ruwa","Comprehensive High School, Bakin Ruwa","Male","disabled","WAEC","College of Education","39","38","24","6","6","0","1.8","1","14","18","0"
"2020/2021","North West","Kano","Dala","Bakin Ruwa","Government Secondary School, Bakin Ruwa","Female","all","NABTEB","College of Education","139","137","95","51","43","8","1.9","2","42","43","8"
"2020/2021","North West","Kano","Dala","Bakin Ruwa","Government Secondary School, Bakin Ruwa","Female","all","NECO","College of Education","240","236","145","54","49","5","1.8","4","91","92","5"
"2020/2021","North West","Kano","Dala","Bakin Ruwa","Government Secondary School, Bakin Ruwa","Female","all","WAEC","College of Education","309","304","192","81","74","7","1.8","5","112","111","7"
"2020/2021","North West","Kano","Dala","Bakin Ruwa","Government Secondary School, Bakin Ruwa","Female","disabled","NABTEB","College of Education","14","14","7","8","8","0","1.9","0","7","0","0"
"2020/2021","North West","Kano","Dala","Bakin Ruwa","Government Secondary School, Bakin Ruwa","Female","disabled","NECO","College of Education","23","23","14","7","7","0","1.8","0","9","8","0"
"2020/2021","North West","Kano","Dala","Bakin Ruwa","Government Secondary School, Bakin Ruwa","Female","disabled","WAEC","College of Education","30","30","16","6","6","0","1.8","0","14","11","0"
"2020/2021","North West","Kano","Dala","Bakin Ruwa","Government Secondary School, Bakin Ruwa","Male","all","NABTEB","College of Education","174","171","107","43","36","7","1.9","3","64","65","7"
"2020/2021","North West","Kano","Dala","Bakin Ruwa","Government Secondary School, Bakin Ruwa","Male","all","NECO","College of Education","316","311","198","82","69","13","1.8","5","113","117","13"
"2020/2021","North West","Kano","Dala","Bakin Ruwa","Government Secondary School, Bakin Ruwa","Male","all","WAEC","College of Education","413","407","245","75","68","7","1.8","6","162","171","7"
"2020/2021","North West","Kano","Dala","Bakin Ruwa","Government Secondary School, Bakin Ruwa","Male","disabled","NABTEB","College of Education","18","18","13","9","9","0","1.9","0","5","4","0"
"2020/2021","North West","Kano","Dala","Bakin Ruwa","Government Secondary School, Bakin Ruwa","Male","disabled","NECO","College of Education","27","27","14","7","7","0","1.8","0","13","8","0"
"2020/2021","North West","Kano","Dala","Bakin Ruwa","Government Secondary School, Bakin Ruwa","Male","disabled","WAEC","College of Education","35","34","19","6","6","0","1.8","1","15","14","0"
"2020/2021","North West","Kano","Dala","Bakin Ruwa","Unity College, Dala","Female","all","NABTEB","University","74","73","46","26","27","0","1.6","1","27","20","0"
"2020/2021","North West","Kano","Dala","Bakin Ruwa","Unity College, Dala","Female","all","NECO","University","155","153","93","41","35","6","1.6","2","60","53","6"
"2020/2021","North West","Kano","Dala","Bakin Ruwa","Unity College, Dala","Female","all","WAEC","University","179","176","117","52","50","2","1.6","3","59","66","2"
"2020/2021","North West","Kano","Dala","Bakin Ruwa","Unity College, Dala","Female","disabled","NABTEB","University","14","14","7","8","8","0","1.6","0","7","0","0"
"2020/2021","North West","Kano","Dala","Bakin Ruwa","Unity College, Dala","Female","disabled","NECO","University","19","19","10","7","7","0","1.6","0","9","4","0"
"2020/2021","North West","Kano","Dala","Bakin Ruwa","Unity College, Dala","Female","disabled","WAEC","University","22","22","12","6","6","0","1.6","0","10","7","0"
"2020/2021","North West","Kano","Dala","Bakin Ruwa","Unity College, Dala","Male","all","NABTEB","University","69","68","41","17","18","0","1.6","1","27","25","0"
"2020/2021","North West","Kano","Dala","Bakin Ruwa","Unity College, Dala","Male","all","NECO","University","139","137","93","34","28","6","1.6","2","44","60","6"
"2020/2021","North West","Kano","Dala","Bakin Ruwa","Unity College, Dala","Male","all","WAEC","University","171","168","107","40","37","3","1.6","3","61","68","3"
"2020/2021","North West","Kano","Dala","Bakin Ruwa","Unity College, Dala","Male","disabled","NABTEB","University","14","14","7","0","0","0","1.6","0","7","7","0"
"2020/2021","North West","Kano","Dala","Bakin Ruwa","Unity College, Dala","Male","disabled","NECO","University","19","19","10","7","7","0","1.6","0","9","4","0"
"2020/2021","North West","Kano","Dala","Bakin Ruwa","Unity College, Dala","Male","disabled","WAEC","University","23","23","13","6","6","0","1.6","0","10","7","0"
"2020/2021","North West","Kano","Dala","Dala","Community Secondary School, Dala","Female","all","NABTEB","Polytechnic","132","130","78","26","18","8","1.8","2","52","53","8"
"2020/2021","North West","Kano","Dala","Dala","Community Secondary School, Dala","Female","all","NECO","Polytechnic","264","260","149","41","35","6","1.8","4","111","109","6"
"2020/2021","North West","Kano","Dala","Dala","Community Secondary School, Dala","Female","all","WAEC","Polytechnic","339","334","189","58","50","8","1.8","5","145","131","8"
"2020/2021","North West","Kano","Dala","Dala","Community Secondary School, Dala","Female","disabled","NABTEB","Polytechnic","14","14","7","0","0","0","1.8","0","7","7","0"
"2020/2021","North West","Kano","Dala","Dala","Community Secondary School, Dala","Female","disabled","NECO","Polytechnic","27","27","14","0","0","0","1.8","0","13","14","0"
"2020/2021","North West","Kano","Dala","Dala","Community Secondary School, Dala","Female","disabled","WAEC","Polytechnic","35","34","19","6","6","0","1.8","1","15","14","0"
"2020/2021","North West","Kano","Dala","Dala","Community Secondary School, Dala","Male","all","NABTEB","Polytechnic","147","145","86","26","27","0","1.8","2","59","61","0"
"2020/2021","North West","Kano","Dala","Dala","Community Secondary School, Dala","Male","all","NECO","Polytechnic","272","268","153","41","35","6","1.8","4","115","113","6"
"2020/2021","North West","Kano","Dala","Dala","Community Secondary School, Dala","Male","all","WAEC","Polytechnic","319","314","191","52","50","2","1.8","5","123","140","2"
"2020/2021","North West","Kano","Dala","Dala","Community Secondary School, Dala","Male","disabled","NABTEB","Polytechnic","14","14","7","0","0","0","1.8","0","7","7","0"
"2020/2021","North West","Kano","Dala","Dala","Community Secondary School, Dala","Male","disabled","NECO","Polytechnic","27","27","14","0","0","0","1.8","0","13","14","0"
"2020/2021","North West","Kano","Dala","Dala","Community Secondary School, Dala","Male","disabled","WAEC","Polytechnic","35","34","19","6","6","0","1.8","1","15","14","0"
"2020/2021","North West","Kano","Dala","Dala","Comprehensive High School, Dala","Female","all","NABTEB","College of Education","83","82","49","17","18","0","1.9","1","33","32","0"
"2020/2021","North West","Kano","Dala","Dala","Comprehensive High School, Dala","Female","all","NECO","College of Education","163","161","97","27","21","6","1.8","2","64","71","6"
"2020/2021","North West","Kano","Dala","Dala","Comprehensive High School, Dala","Female","all","WAEC","College of Education","224","221","127","46","43","3","1.8","3","94","81","3"
"2020/2021","North West","Kano","Dala","Dala","Comprehensive High School, Dala","Female","disabled","NABTEB","College of Education","14","14","7","0","0","0","1.9","0","7","7","0"
"2020/2021","North West","Kano","Dala","Dala","Comprehensive High School, Dala","Female","disabled","NECO","College of Education","15","15","7","0","0","0","1.8","0","8","7","0"
"2020/2021","North West","Kano","Dala","Dala","Comprehensive High School, Dala","Female","disabled","WAEC","College of Education","19","19","10","6","6","0","1.8","0","9","4","0"
"2020/2021","North West","Kano","Dala","Dala","Comprehensive High School, Dala","Male","all","NABTEB","College of Education","103","101","61","17","18","0","1.9","2","40","45","0"
"2020/2021","North West","Kano","Dala","Dala","Comprehensive High School, Dala","Male","all","NECO","College of Education","184","181","108","20","14","6","1.8","3","73","89","6"
"2020/2021","North West","Kano","Dala","Dala","Comprehensive High School, Dala","Male","all","WAEC","College of Education","276","272","158","46","43","3","1.8","4","114","113","3"
"2020/2021","North West","Kano","Dala","Dala","Comprehensive High School, Dala","Male","disabled","NABTEB","College of Education","14","14","7","0","0","0","1.9","0","7","7","0"
"2020/2021","North West","Kano","Dala","Dala","Comprehensive High School, Dala","Male","disabled","NECO","College of Education","19","19","10","0","0","0","1.8","0","9","10","0"
"2020/2021","North West","Kano","Dala","Dala","Comprehensive High School, Dala","Male","disabled","WAEC","College of Education","26","26","13","6","6","0","1.8","0","13","7","0"
"2020/2021","North West","Kano","Dala","Dala","Government Secondary School, Dala","Female","all","NABTEB","University","113","111","74","26","18","8","1.6","2","37","48","8"
"2020/2021","North West","Kano","Dala","Dala","Government Secondary School, Dala","Female","all","NECO","University","224","221","139","48","42","6","1.6","3","82","91","6"
"2020/2021","North West","Kano","Dala","Dala","Government Secondary School, Dala","Female","all","WAEC","University","319","314","195","64","56","8","1.6","5","119","132","8"
"2020/2021","North West","Kano","Dala","Dala","Government Secondary School, Dala","Female","disabled","NABTEB","University","14","14","7","0","0","0","1.6","0","7","7","0"
"2020/2021","North West","Kano","Dala","Dala","Government Secondary School, Dala","Female","disabled","NECO","University","23","23","14","7","7","0","1.6","0","9","8","0"
"2020/2021","North West","Kano","Dala","Dala","Government Secondary School, Dala","Female","disabled","WAEC","University","38","37","23","6","6","0","1.6","1","14","18","0"
"2020/2021","North West","Kano","Dala","Dala","Government Secondary School, Dala","Male","all","NABTEB","University","157","155","90","26","18","8","1.6","2","65","64","8"
"2020/2021","North West","Kano","Dala","Dala","Government Secondary School, Dala","Male","all","NECO","University","268","264","157","47","42","5","1.6","4","107","111","5"
"2020/2021","North West","Kano","Dala","Dala","Government Secondary School, Dala","Male","all","WAEC","University","398","392","250","69","62","7","1.6","6","142","181","7"
"2020/2021","North West","Kano","Dala","Dala","Government Secondary School, Dala","Male","disabled","NABTEB","University","18","18","8","0","0","0","1.6","0","10","8","0"
"2020/2021","North West","Kano","Dala","Dala","Government Secondary School, Dala","Male","disabled","NECO","University","31","31","18","7","7","0","1.6","0","13","12","0"
"2020/2021","North West","Kano","Dala","Dala","Government Secondary School, Dala","Male","disabled","WAEC","University","50","49","26","6","6","0","1.6","1","23","21","0"
"2020/2021","North West","Kano","Dala","Dala","Unity College, Dala","Female","all","NABTEB","University","121","119","78","26","18","8","1.6","2","41","53","8"
"2020/2021","North West","Kano","Dala","Dala","Unity College, Dala","Female","all","NECO","University","224","221","139","54","49","5","1.6","3","82","85","5"
"2020/2021","North West","Kano","Dala","Dala","Unity College, Dala","Female","all","WAEC","University","342","337","222","81","74","7","1.6","5","115","142","7"
"2020/2021","North West","Kano","Dala","Dala","Unity College, Dala","Female","disabled","NABTEB","University","14","14","7","0","0","0","1.6","0","7","7","0"
"2020/2021","North West","Kano","Dala","Dala","Unity College, Dala","Female","disabled","NECO","University","31","31","18","7","7","0","1.6","0","13","12","0"
"2020/2021","North West","Kano","Dala","Dala","Unity College, Dala","Female","disabled","WAEC","University","42","41","23","6","6","0","1.6","1","18","18","0"
"2020/2021","North West","Kano","Dala","Dala","Unity College, Dala","Male","all","NABTEB","University","162","160","107","34","27","7","1.6","2","53","74","7"
"2020/2021","North West","Kano","Dala","Dala","Unity College, Dala","Male","all","NECO","University","308","303","190","61","49","12","1.6","5","113","129","12"
"2020/2021","North West","Kano","Dala","Dala","Unity College, Dala","Male","all","WAEC","University","408","402","259","87","80","7","1.6","6","143","172","7"
"2020/2021","North West","Kano","Dala","Dala","Unity College, Dala","Male","disabled","NABTEB","University","21","21","12","0","0","0","1.6","0","9","12","0"
"2020/2021","North West","Kano","Dala","Dala","Unity College, Dala","Male","disabled","NECO","University","40","39","23","7","7","0","1.6","1","16","16","0"
"2020/2021","North West","Kano","Dala","Dala","Unity College, Dala","Male","disabled","WAEC","University","50","49","26","6","6","0","1.6","1","23","21","0"
"2020/2021","North West","Kano","Fagge","Fagge A","Community Secondary School, Fagge A","Female","all","NABTEB","College of Education","142","140","82","26","18","8","1.9","2","58","56","8"
"2020/2021","North West","Kano","Fagge","Fagge A","Community Secondary School, Fagge A","Female","all","NECO","College of Education","287","283","172","54","49","5","1.8","4","111","118","5"
"2020/2021","North West","Kano","Fagge","Fagge A","Community Secondary School, Fagge A","Female","all","WAEC","College of Education","335","330","198","64","56","8","1.8","5","132","135","8"
"2020/2021","North West","Kano","Fagge","Fagge A","Community Secondary School, Fagge A","Female","disabled","NABTEB","College of Education","18","18","13","0","0","0","1.9","0","5","13","0"
"2020/2021","North West","Kano","Fagge","Fagge A","Community Secondary School, Fagge A","Female","disabled","NECO","College of Education","36","35","23","7","7","0","1.8","1","12","16","0"
"2020/2021","North West","Kano","Fagge","Fagge A","Community Secondary School, Fagge A","Female","disabled","WAEC","College of Education","38","37","19","6","6","0","1.8","1","18","14","0"
"2020/2021","North West","Kano","Fagge","Fagge A","Community Secondary School, Fagge A","Male","all","NABTEB","College of Education","140","138","82","17","18","0","1.9","2","56","66","0"
"2020/2021","North West","Kano","Fagge","Fagge A","Community Secondary School, Fagge A","Male","all","NECO","College of Education","287","283","172","47","42","5","1.8","4","111","125","5"
"2020/2021","North West","Kano","Fagge","Fagge A","Community Secondary School, Fagge A","Male","all","WAEC","College of Education","312","307","181","46","43","3","1.8","5","126","136","3"
"2020/2021","North West","Kano","Fagge","Fagge A","Community Secondary School, Fagge A","Male","disabled","NABTEB","College of Education","18","18","8","0","0","0","1.9","0","10","8","0"
"2020/2021","North West","Kano","Fagge","Fagge A","Community Secondary School, Fagge A","Male","disabled","NECO","College of Education","31","31","18","7","7","0","1.8","0","13","12","0"
"2020/2021","North West","Kano","Fagge","Fagge A","Community Secondary School, Fagge A","Male","disabled","WAEC","College of Education","38","37","19","6","6","0","1.8","1","18","14","0"
"2020/2021","North West","Kano","Fagge","Fagge A","Comprehensive High School, Fagge A","Female","all","NABTEB","Polytechnic","69","68","41","26","27","0","1.8","1","27","16","0"
"2020/2021","North West","Kano","Fagge","Fagge A","Comprehensive High School, Fagge A","Female","all","NECO","Polytechnic","124","122","78","34","28","6","1.8","2","44","45","6"
"2020/2021","North West","Kano","Fagge","Fagge A","Comprehensive High School, Fagge A","Female","all","WAEC","Polytechnic","158","156","104","39","37","3","1.8","2","52","64","3"
"2020/2021","North West","Kano","Fagge","Fagge A","Comprehensive High School, Fagge A","Female","disabled","NABTEB","Polytechnic","14","14","7","8","8","0","1.8","0","7","0","0"
"2020/2021","North West","Kano","Fagge","Fagge A","Comprehensive High School, Fagge A","Female","disabled","NECO","Polytechnic","15","15","10","7","7","0","1.8","0","5","4","0"
"2020/2021","North West","Kano","Fagge","Fagge A","Comprehensive High School, Fagge A","Female","disabled","WAEC","Polytechnic","15","15","10","6","6","0","1.8","0","5","4","0"
"2020/2021","North West","Kano","Fagge","Fagge A","Comprehensive High School, Fagge A","Male","all","NABTEB","Polytechnic","87","86","53","25","26","0","1.8","1","33","27","0"
"2020/2021","North West","Kano","Fagge","Fagge A","Comprehensive High School, Fagge A","Male","all","NECO","Polytechnic","143","141","89","34","28","6","1.8","2","52","56","6"
"2020/2021","North West","Kano","Fagge","Fagge A","Comprehensive High School, Fagge A","Male","all","WAEC","Polytechnic","179","176","114","40","37","3","1.8","3","62","75","3"
"2020/2021","North West","Kano","Fagge","Fagge A","Comprehensive High School, Fagge A","Male","disabled","NABTEB","Polytechnic","14","14","7","8","8","0","1.8","0","7","0","0"
"2020/2021","North West","Kano","Fagge","Fagge A","Comprehensive High School, Fagge A","Male","disabled","NECO","Polytechnic","15","15","7","7","7","0","1.8","0","8","0","0"
"2020/2021","North West","Kano","Fagge","Fagge A","Comprehensive High School, Fagge A","Male","disabled","WAEC","Polytechnic","15","15","10","6","6","0","1.8","0","5","4","0"
"2020/2021","North West","Kano","Fagge","Fagge A","Government Secondary School, Fagge A","Female","all","NABTEB","University","195","192","124","52","44","8","1.6","3","68","73","8"
"2020/2021","North West","Kano","Fagge","Fagge A","Government Secondary School, Fagge A","Female","all","NECO","University","348","343","220","75","62","13","1.6","5","123","146","13"
"2020/2021","North West","Kano","Fagge","Fagge A","Government Secondary School, Fagge A","Female","all","WAEC","University","510","502","316","104","93","11","1.6","8","186","212","11"
"2020/2021","North West","Kano","Fagge","Fagge A","Government Secondary School, Fagge A","Female","disabled","NABTEB","University","21","21","12","9","9","0","1.6","0","9","4","0"
"2020/2021","North West","Kano","Fagge","Fagge A","Government Secondary School, Fagge A","Female","disabled","NECO","University","40","39","23","7","7","0","1.6","1","16","16","0"
"2020/2021","North West","Kano","Fagge","Fagge A","Government Secondary School, Fagge A","Female","disabled","WAEC","University","61","60","36","11","12","0","1.6","1","24","25","0"
"2020/2021","North West","Kano","Fagge","Fagge A","Government Secondary School, Fagge A","Male","all","NABTEB","University","191","188","115","51","44","8","1.6","3","73","63","8"
"2020/2021","North West","Kano","Fagge","Fagge A","Government Secondary School, Fagge A","Male","all","NECO","University","320","315","202","61","55","6","1.6","5","113","142","6"
"2020/2021","North West","Kano","Fagge","Fagge A","Government Secondary School, Fagge A","Male","all","WAEC","University","444","437","279","104","93","11","1.6","7","158","176","11"
"2020/2021","North West","Kano","Fagge","Fagge A","Government Secondary School, Fagge A","Male","disabled","NABTEB","University","21","21","12","9","9","0","1.6","0","9","4","0"
"2020/2021","North West","Kano","Fagge","Fagge A","Government Secondary School, Fagge A","Male","disabled","NECO","University","40","39","22","7","7","0","1.6","1","17","15","0"
"2020/2021","North West","Kano","Fagge","Fagge A","Government Secondary School, Fagge A","Male","disabled","WAEC","University","53","52","33","12","12","0","1.6","1","19","21","0"
"2020/2021","North West","Kano","Fagge","Fagge A","Unity College, Fagge","Female","all","NABTEB","University","121","119","74","34","27","7","1.6","2","45","41","7"
"2020/2021","North West","Kano","Fagge","Fagge A","Unity College, Fagge","Female","all","NECO","University","231","228","149","48","42","6","1.6","3","79","102","6"
"2020/2021","North West","Kano","Fagge","Fagge A","Unity College, Fagge","Female","all","WAEC","University","288","284","168","52","43","9","1.6","4","116","117","9"
"2020/2021","North West","Kano","Fagge","Fagge A","Unity College, Fagge","Female","disabled","NABTEB","University","18","18","8","9","9","0","1.6","0","10","0","0"
"2020/2021","North West","Kano","Fagge","Fagge A","Unity College, Fagge","Female","disabled","NECO","University","31","31","18","0","0","0","1.6","0","13","18","0"
"2020/2021","North West","Kano","Fagge","Fagge A","Unity College, Fagge","Female","disabled","WAEC","University","38","37","19","6","6","0","1.6","1","18","14","0"
"2020/2021","North West","Kano","Fagge","Fagge A","Unity College, Fagge","Male","all","NABTEB","University","126","124","79","17","18","0","1.6","2","45","62","0"
"2020/2021","North West","Kano","Fagge","Fagge A","Unity College, Fagge","Male","all","NECO","University","215","212","127","41","35","6","1.6","3","85","86","6"
"2020/2021","North West","Kano","Fagge","Fagge A","Unity College, Fagge","Male","all","WAEC","University","287","283","171","52","50","2","1.6","4","112","119","2"
"2020/2021","North West","Kano","Fagge","Fagge A","Unity College, Fagge","Male","disabled","NABTEB","University","14","14","7","0","0","0","1.6","0","7","7","0"
"2020/2021","North West","Kano","Fagge","Fagge A","Unity College, Fagge","Male","disabled","NECO","University","31","31","18","0","0","0","1.6","0","13","18","0"
"2020/2021","North West","Kano","Fagge","Fagge A","Unity College, Fagge","Male","disabled","WAEC","University","42","41","23","6","6","0","1.6","1","18","18","0"
"2020/2021","North West","Kano","Fagge","Fagge B","Community Secondary School, Fagge B","Female","all","NABTEB","Polytechnic","125","123","78","26","18","8","1.8","2","45","53","8"
"2020/2021","North West","Kano","Fagge","Fagge B","Community Secondary School, Fagge B","Female","all","NECO","Polytechnic","264","260","164","54","49","5","1.8","4","96","111","5"
"2020/2021","North West","Kano","Fagge","Fagge B","Community Secondary School, Fagge B","Female","all","WAEC","Polytechnic","342","337","208","69","62","7","1.8","5","129","140","7"
"2020/2021","North West","Kano","Fagge","Fagge B","Community Secondary School, Fagge B","Female","disabled","NABTEB","Polytechnic","14","14","7","0","0","0","1.8","0","7","7","0"
"2020/2021","North West","Kano","Fagge","Fagge B","Community Secondary School, Fagge B","Female","disabled","NECO","Polytechnic","27","27","14","7","7","0","1.8","0","13","8","0"
"2020/2021","North West","Kano","Fagge","Fagge B","Community Secondary School, Fagge B","Female","disabled","WAEC","Polytechnic","42","41","23","6","6","0","1.8","1","18","18","0"
"2020/2021","North West","Kano","Fagge","Fagge B","Community Secondary School, Fagge B","Male","all","NABTEB","Polytechnic","158","156","99","26","18","8","1.8","2","57","74","8"
"2020/2021","North West","Kano","Fagge","Fagge B","Community Secondary School, Fagge B","Male","all","NECO","Polytechnic","276","272","168","48","42","6","1.8","4","104","121","6"
"2020/2021","North West","Kano","Fagge","Fagge B","Community Secondary School, Fagge B","Male","all","WAEC","Polytechnic","365","360","218","64","56","8","1.8","5","142","155","8"
"2020/2021","North West","Kano","Fagge","Fagge B","Community Secondary School, Fagge B","Male","disabled","NABTEB","Polytechnic","18","18","13","0","0","0","1.8","0","5","13","0"
"2020/2021","North West","Kano","Fagge","Fagge B","Community Secondary School, Fagge B","Male","disabled","NECO","Polytechnic","36","35","18","0","0","0","1.8","1","17","18","0"
"2020/2021","North West","Kano","Fagge","Fagge B","Community Secondary School, Fagge B","Male","disabled","WAEC","Polytechnic","42","41","23","6","6","0","1.8","1","18","18","0"
"2020/2021","North West","Kano","Fagge","Fagge B","Comprehensive High School, Fagge B","Female","all","NABTEB","College of Education","73","72","49","26","27","0","1.9","1","23","24","0"
"2020/2021","North West","Kano","Fagge","Fagge B","Comprehensive High School, Fagge B","Female","all","NECO","College of Education","143","141","93","34","28","6","1.8","2","48","60","6"
"2020/2021","North West","Kano","Fagge","Fagge B","Comprehensive High School, Fagge B","Female","all","WAEC","College of Education","183","180","117","52","50","2","1.8","3","63","66","2"
"2020/2021","North West","Kano","Fagge","Fagge B","Comprehensive High School, Fagge B","Female","disabled","NABTEB","College of Education","14","14","7","8","8","0","1.9","0","7","0","0"
"2020/2021","North West","Kano","Fagge","Fagge B","Comprehensive High School, Fagge B","Female","disabled","NECO","College of Education","15","15","10","7","7","0","1.8","0","5","4","0"
"2020/2021","North West","Kano","Fagge","Fagge B","Comprehensive High School, Fagge B","Female","disabled","WAEC","College of Education","22","22","12","6","6","0","1.8","0","10","7","0"
"2020/2021","North West","Kano","Fagge","Fagge B","Comprehensive High School, Fagge B","Male","all","NABTEB","College of Education","95","94","57","26","27","0","1.9","1","37","32","0"
"2020/2021","North West","Kano","Fagge","Fagge B","Comprehensive High School, Fagge B","Male","all","NECO","College of Education","163","161","97","41","35","6","1.8","2","64","57","6"
"2020/2021","North West","Kano","Fagge","Fagge B","Comprehensive High School, Fagge B","Male","all","WAEC","College of Education","245","241","151","52","43","9","1.8","4","90","100","9"
"2020/2021","North West","Kano","Fagge","Fagge B","Comprehensive High School, Fagge B","Male","disabled","NABTEB","College of Education","14","14","7","8","8","0","1.9","0","7","0","0"
"2020/2021","North West","Kano","Fagge","Fagge B","Comprehensive High School, Fagge B","Male","disabled","NECO","College of Education","19","19","10","7","7","0","1.8","0","9","4","0"
"2020/2021","North West","Kano","Fagge","Fagge B","Comprehensive High School, Fagge B","Male","disabled","WAEC","College of Education","26","26","16","6","6","0","1.8","0","10","11","0"
"2020/2021","North West","Kano","Fagge","Fagge B","Government Secondary School, Fagge B","Female","all","NABTEB","Polytechnic","103","101","53","17","18","0","1.8","2","48","37","0"
"2020/2021","North West","Kano","Fagge","Fagge B","Government Secondary School, Fagge B","Female","all","NECO","Polytechnic","200","197","119","41","35","6","1.8","3","78","79","6"
"2020/2021","North West","Kano","Fagge","Fagge B","Government Secondary School, Fagge B","Female","all","WAEC","Polytechnic","260","256","151","46","43","3","1.8","4","105","105","3"
"2020/2021","North West","Kano","Fagge","Fagge B","Government Secondary School, Fagge B","Female","disabled","NABTEB","Polytechnic","14","14","7","0","0","0","1.8","0","7","7","0"
"2020/2021","North West","Kano","Fagge","Fagge B","Government Secondary School, Fagge B","Female","disabled","NECO","Polytechnic","19","19","10","7","7","0","1.8","0","9","4","0"
"2020/2021","North West","Kano","Fagge","Fagge B","Government Secondary School, Fagge B","Female","disabled","WAEC","Polytechnic","26","26","13","6","6","0","1.8","0","13","7","0"
"2020/2021","North West","Kano","Fagge","Fagge B","Government Secondary School, Fagge B","Male","all","NABTEB","Polytechnic","98","97","57","17","18","0","1.8","1","40","40","0"
"2020/2021","North West","Kano","Fagge","Fagge B","Government Secondary School, Fagge B","Male","all","NECO","Polytechnic","188","185","112","27","21","6","1.8","3","73","86","6"
"2020/2021","North West","Kano","Fagge","Fagge B","Government Secondary School, Fagge B","Male","all","WAEC","Polytechnic","256","252","144","46","43","3","1.8","4","108","98","3"
"2020/2021","North West","Kano","Fagge","Fagge B","Government Secondary School, Fagge B","Male","disabled","NABTEB","Polytechnic","14","14","7","0","0","0","1.8","0","7","7","0"
"2020/2021","North West","Kano","Fagge","Fagge B","Government Secondary School, Fagge B","Male","disabled","NECO","Polytechnic","19","19","10","0","0","0","1.8","0","9","10","0"
"2020/2021","North West","Kano","Fagge","Fagge B","Government Secondary School, Fagge B","Male","disabled","WAEC","Polytechnic","26","26","13","6","6","0","1.8","0","13","7","0"
"2020/2021","North West","Kano","Fagge","Fagge B","Unity College, Fagge","Female","all","NABTEB","University","110","108","70","34","27","7","1.6","2","38","37","7"
"2020/2021","North West","Kano","Fagge","Fagge B","Unity College, Fagge","Female","all","NECO","University","223","220","142","54","49","5","1.6","3","78","89","5"
"2020/2021","North West","Kano","Fagge","Fagge B","Unity College, Fagge","Female","all","WAEC","University","330","325","201","75","68","7","1.6","5","124","126","7"
"2020/2021","North West","Kano","Fagge","Fagge B","Unity College, Fagge","Female","disabled","NABTEB","University","14","14","7","8","8","0","1.6","0","7","0","0"
"2020/2021","North West","Kano","Fagge","Fagge B","Unity College, Fagge","Female","disabled","NECO","University","23","23","14","7","7","0","1.6","0","9","8","0"
"2020/2021","North West","Kano","Fagge","Fagge B","Unity College, Fagge","Female","disabled","WAEC","University","30","30","16","6","6","0","1.6","0","14","11","0"
"2020/2021","North West","Kano","Fagge","Fagge B","Unity College, Fagge","Male","all","NABTEB","University","110","108","74","26","18","8","1.6","2","34","49","8"
"2020/2021","North West","Kano","Fagge","Fagge B","Unity College, Fagge","Male","all","NECO","University","223","220","138","48","42","6","1.6","3","82","91","6"
"2020/2021","North West","Kano","Fagge","Fagge B","Unity College, Fagge","Male","all","WAEC","University","280","276","178","58","50","8","1.6","4","98","121","8"
"2020/2021","North West","Kano","Fagge","Fagge B","Unity College, Fagge","Male","disabled","NABTEB","University","14","14","7","0","0","0","1.6","0","7","7","0"
"2020/2021","North West","Kano","Fagge","Fagge B","Unity College, Fagge","Male","disabled","NECO","University","23","23","14","7","7","0","1.6","0","9","8","0"
"2020/2021","North West","Kano","Fagge","Fagge B","Unity College, Fagge","Male","disabled","WAEC","University","34","33","19","6","6","0","1.6","1","14","13","0"
"2020/2021","North West","Kano","Fagge","Fagge C","Community Secondary School, Fagge C","Female","all","NABTEB","University","161","159","107","42","35","8","1.6","2","52","64","8"
"2020/2021","North West","Kano","Fagge","Fagge C","Community Secondary School, Fagge C","Female","all","NECO","University","340","335","228","82","69","13","1.6","5","107","147","13"
"2020/2021","North West","Kano","Fagge","Fagge C","Community Secondary School, Fagge C","Female","all","WAEC","University","381","375","242","97","87","11","1.6","6","133","144","11"
"2020/2021","North West","Kano","Fagge","Fagge C","Community Secondary School, Fagge C","Female","disabled","NABTEB","University","18","18","13","9","9","0","1.6","0","5","4","0"
"2020/2021","North West","Kano","Fagge","Fagge C","Community Secondary School, Fagge C","Female","disabled","NECO","University","31","31","18","7","7","0","1.6","0","13","12","0"
"2020/2021","North West","Kano","Fagge","Fagge C","Community Secondary School, Fagge C","Female","disabled","WAEC","University","35","34","19","6","6","0","1.6","1","15","14","0"
"2020/2021","North West","Kano","Fagge","Fagge C","Community Secondary School, Fagge C","Male","all","NABTEB","University","173","170","107","34","27","7","1.6","3","63","73","7"
"2020/2021","North West","Kano","Fagge","Fagge C","Community Secondary School, Fagge C","Male","all","NECO","University","356","351","224","75","62","13","1.6","5","127","150","13"
"2020/2021","North West","Kano","Fagge","Fagge C","Community Secondary School, Fagge C","Male","all","WAEC","University","416","410","266","98","87","11","1.6","6","144","169","11"
"2020/2021","North West","Kano","Fagge","Fagge C","Community Secondary School, Fagge C","Male","disabled","NABTEB","University","17","17","12","0","0","0","1.6","0","5","12","0"
"2020/2021","North West","Kano","Fagge","Fagge C","Community Secondary School, Fagge C","Male","disabled","NECO","University","36","35","18","7","7","0","1.6","1","17","12","0"
"2020/2021","North West","Kano","Fagge","Fagge C","Community Secondary School, Fagge C","Male","disabled","WAEC","University","42","41","26","11","12","0","1.6","1","15","16","0"
"2020/2021","North West","Kano","Fagge","Fagge C","Comprehensive High School, Fagge C","Female","all","NABTEB","College of Education","154","152","86","26","27","0","1.9","2","66","61","0"
"2020/2021","North West","Kano","Fagge","Fagge C","Comprehensive High School, Fagge C","Female","all","NECO","College of Education","324","319","187","41","35","6","1.8","5","132","147","6"
"2020/2021","North West","Kano","Fagge","Fagge C","Comprehensive High School, Fagge C","Female","all","WAEC","College of Education","412","406","249","75","68","7","1.8","6","157","174","7"
"2020/2021","North West","Kano","Fagge","Fagge C","Comprehensive High School, Fagge C","Female","disabled","NABTEB","College of Education","17","17","8","0","0","0","1.9","0","9","8","0"
"2020/2021","North West","Kano","Fagge","Fagge C","Comprehensive High School, Fagge C","Female","disabled","NECO","College of Education","36","35","18","0","0","0","1.8","1","17","18","0"
"2020/2021","North West","Kano","Fagge","Fagge C","Comprehensive High School, Fagge C","Female","disabled","WAEC","College of Education","46","45","26","6","6","0","1.8","1","19","21","0"
"2020/2021","North West","Kano","Fagge","Fagge C","Comprehensive High School, Fagge C","Male","all","NABTEB","College of Education","177","174","103","26","18","8","1.9","3","71","78","8"
"2020/2021","North West","Kano","Fagge","Fagge C","Comprehensive High School, Fagge C","Male","all","NECO","College of Education","392","386","217","61","55","6","1.8","6","169","156","6"
"2020/2021","North West","Kano","Fagge","Fagge C","Comprehensive High School, Fagge C","Male","all","WAEC","College of Education","456","449","259","75","68","7","1.8","7","190","185","7"
"2020/2021","North West","Kano","Fagge","Fagge C","Comprehensive High School, Fagge C","Male","disabled","NABTEB","College of Education","21","21","12","0","0","0","1.9","0","9","12","0"
"2020/2021","North West","Kano","Fagge","Fagge C","Comprehensive High School, Fagge C","Male","disabled","NECO","College of Education","44","43","23","7","7","0","1.8","1","20","16","0"
"2020/2021","North West","Kano","Fagge","Fagge C","Comprehensive High School, Fagge C","Male","disabled","WAEC","College of Education","50","49","26","6","6","0","1.8","1","23","21","0"
"2020/2021","North West","Kano","Fagge","Fagge C","Government Secondary School, Fagge C","Female","all","NABTEB","Polytechnic","150","148","90","26","18","8","1.8","2","58","64","8"
"2020/2021","North West","Kano","Fagge","Fagge C","Government Secondary School, Fagge C","Female","all","NECO","Polytechnic","279","275","168","47","42","5","1.8","4","107","121","5"
"2020/2021","North West","Kano","Fagge","Fagge C","Government Secondary School, Fagge C","Female","all","WAEC","Polytechnic","393","387","232","75","68","7","1.8","6","155","158","7"
"2020/2021","North West","Kano","Fagge","Fagge C","Government Secondary School, Fagge C","Female","disabled","NABTEB","Polytechnic","18","18","8","0","0","0","1.8","0","10","8","0"
"2020/2021","North West","Kano","Fagge","Fagge C","Government Secondary School, Fagge C","Female","disabled","NECO","Polytechnic","31","31","18","7","7","0","1.8","0","13","12","0"
"2020/2021","North West","Kano","Fagge","Fagge C","Government Secondary School, Fagge C","Female","disabled","WAEC","Polytechnic","46","45","26","6","6","0","1.8","1","19","21","0"
"2020/2021","North West","Kano","Fagge","Fagge C","Government Secondary School, Fagge C","Male","all","NABTEB","Polytechnic","147","145","82","26","18","8","1.8","2","63","57","8"
"2020/2021","North West","Kano","Fagge","Fagge C","Government Secondary School, Fagge C","Male","all","NECO","Polytechnic","268","264","164","48","42","6","1.8","4","100","117","6"
"2020/2021","North West","Kano","Fagge","Fagge C","Government Secondary School, Fagge C","Male","all","WAEC","Polytechnic","365","360","215","64","56","8","1.8","5","145","152","8"
"2020/2021","North West","Kano","Fagge","Fagge C","Government Secondary School, Fagge C","Male","disabled","NABTEB","Polytechnic","18","18","8","0","0","0","1.8","0","10","8","0"
"2020/2021","North West","Kano","Fagge","Fagge C","Government Secondary School, Fagge C","Male","disabled","NECO","Polytechnic","31","31","18","7","7","0","1.8","0","13","12","0"
"2020/2021","North West","Kano","Fagge","Fagge C","Government Secondary School, Fagge C","Male","disabled","WAEC","Polytechnic","42","41","23","6","6","0","1.8","1","18","18","0"
"2020/2021","North West","Kano","Fagge","Fagge C","Unity College, Fagge","Female","all","NABTEB","University","69","68","41","17","18","0","1.6","1","27","25","0"
"2020/2021","North West","Kano","Fagge","Fagge C","Unity College, Fagge","Female","all","NECO","University","124","122","74","34","28","6","1.6","2","48","41","6"
"2020/2021","North West","Kano","Fagge","Fagge C","Unity College, Fagge","Female","all","WAEC","University","158","156","104","39","37","3","1.6","2","52","64","3"
"2020/2021","North West","Kano","Fagge","Fagge C","Unity College, Fagge","Female","disabled","NABTEB","University","14","14","7","0","0","0","1.6","0","7","7","0"
"2020/2021","North West","Kano","Fagge","Fagge C","Unity College, Fagge","Female","disabled","NECO","University","15","15","7","7","7","0","1.6","0","8","0","0"
"2020/2021","North West","Kano","Fagge","Fagge C","Unity College, Fagge","Female","disabled","WAEC","University","19","19","13","6","6","0","1.6","0","6","7","0"
"2020/2021","North West","Kano","Fagge","Fagge C","Unity College, Fagge","Male","all","NABTEB","University","81","80","50","17","18","0","1.6","1","30","33","0"
"2020/2021","North West","Kano","Fagge","Fagge C","Unity College, Fagge","Male","all","NECO","University","140","138","90","27","21","6","1.6","2","48","63","6"
"2020/2021","North West","Kano","Fagge","Fagge C","Unity College, Fagge","Male","all","WAEC","University","183","180","114","40","37","3","1.6","3","66","75","3"
"2020/2021","North West","Kano","Fagge","Fagge C","Unity College, Fagge","Male","disabled","NABTEB","University","14","14","7","0","0","0","1.6","0","7","7","0"
"2020/2021","North West","Kano","Fagge","Fagge C","Unity College, Fagge","Male","disabled","NECO","University","15","15","7","0","0","0","1.6","0","8","7","0"
"2020/2021","North West","Kano","Fagge","Fagge C","Unity College, Fagge","Male","disabled","WAEC","University","23","23","13","6","6","0","1.6","0","10","7","0"
"2020/2021","North West","Kano","Gwale","Dandago","Community Secondary School, Dandago","Female","all","NABTEB","University","140","138","82","43","35","8","1.6","2","56","40","8"
"2020/2021","North West","Kano","Gwale","Dandago","Community Secondary School, Dandago","Female","all","NECO","University","256","252","160","54","49","5","1.6","4","92","107","5"
"2020/2021","North West","Kano","Gwale","Dandago","Community Secondary School, Dandago","Female","all","WAEC","University","346","341","201","69","62","7","1.6","5","140","133","7"
"2020/2021","North West","Kano","Gwale","Dandago","Community Secondary School, Dandago","Female","disabled","NABTEB","University","14","14","7","8","8","0","1.6","0","7","0","0"
"2020/2021","North West","Kano","Gwale","Dandago","Community Secondary School, Dandago","Female","disabled","NECO","University","27","27","14","7","7","0","1.6","0","13","8","0"
"2020/2021","North West","Kano","Gwale","Dandago","Community Secondary School, Dandago","Female","disabled","WAEC","University","38","37","23","6","6","0","1.6","1","14","18","0"
"2020/2021","North West","Kano","Gwale","Dandago","Community Secondary School, Dandago","Male","all","NABTEB","University","139","137","82","26","27","0","1.6","2","55","56","0"
"2020/2021","North West","Kano","Gwale","Dandago","Community Secondary School, Dandago","Male","all","NECO","University","252","248","157","41","35","6","1.6","4","91","117","6"
"2020/2021","North West","Kano","Gwale","Dandago","Community Secondary School, Dandago","Male","all","WAEC","University","361","356","205","58","50","8","1.6","5","151","147","8"
"2020/2021","North West","Kano","Gwale","Dandago","Community Secondary School, Dandago","Male","disabled","NABTEB","University","14","14","7","0","0","0","1.6","0","7","7","0"
"2020/2021","North West","Kano","Gwale","Dandago","Community Secondary School, Dandago","Male","disabled","NECO","University","23","23","14","0","0","0","1.6","0","9","14","0"
"2020/2021","North West","Kano","Gwale","Dandago","Community Secondary School, Dandago","Male","disabled","WAEC","University","38","37","19","6","6","0","1.6","1","18","14","0"
"2020/2021","North West","Kano","Gwale","Dandago","Comprehensive High School, Dandago","Female","all","NABTEB","College of Education","158","156","99","43","35","8","1.9","2","57","57","8"
"2020/2021","North West","Kano","Gwale","Dandago","Comprehensive High School, Dandago","Female","all","NECO","College of Education","279","275","183","74","62","13","1.8","4","92","108","13"
"2020/2021","North West","Kano","Gwale","Dandago","Comprehensive High School, Dandago","Female","all","WAEC","College of Education","431","425","266","109","99","11","1.8","6","159","156","11"
"2020/2021","North West","Kano","Gwale","Dandago","Comprehensive High School, Dandago","Female","disabled","NABTEB","College of Education","21","21","12","9","9","0","1.9","0","9","4","0"
"2020/2021","North West","Kano","Gwale","Dandago","Comprehensive High School, Dandago","Female","disabled","NECO","College of Education","40","39","23","7","7","0","1.8","1","16","16","0"
"2020/2021","North West","Kano","Gwale","Dandago","Comprehensive High School, Dandago","Female","disabled","WAEC","College of Education","50","49","29","12","12","0","1.8","1","20","18","0"
"2020/2021","North West","Kano","Gwale","Dandago","Comprehensive High School, Dandago","Male","all","NABTEB","College of Education","200","197","129","52","44","8","1.9","3","68","77","8"
"2020/2021","North West","Kano","Gwale","Dandago","Comprehensive High School, Dandago","Male","all","NECO","College of Education","364","359","224","82","69","13","1.8","5","135","143","13"
"2020/2021","North West","Kano","Gwale","Dandago","Comprehensive High School, Dandago","Male","all","WAEC","College of Education","514","506","316","110","99","11","1.8","8","190","206","11"
"2020/2021","North West","Kano","Gwale","Dandago","Comprehensive High School, Dandago","Male","disabled","NABTEB","College of Education","21","21","12","9","9","0","1.9","0","9","4","0"
"2020/2021","North West","Kano","Gwale","Dandago","Comprehensive High School, Dandago","Male","disabled","NECO","College of Education","48","47","26","7","7","0","1.8","1","21","19","0"
"2020/2021","North West","Kano","Gwale","Dandago","Comprehensive High School, Dandago","Male","disabled","WAEC","College of Education","61","60","36","11","12","0","1.8","1","24","25","0"
"2020/2021","North West","Kano","Gwale","Dandago","Government Secondary School, Dandago","Female","all","NABTEB","University","155","153","100","34","27","7","1.6","2","53","66","7"
"2020/2021","North West","Kano","Gwale","Dandago","Government Secondary School, Dandago","Female","all","NECO","University","283","279","172","61","55","6","1.6","4","107","111","6"
"2020/2021","North West","Kano","Gwale","Dandago","Government Secondary School, Dandago","Female","all","WAEC","University","389","383","255","98","87","11","1.6","6","128","158","11"
"2020/2021","North West","Kano","Gwale","Dandago","Government Secondary School, Dandago","Female","disabled","NABTEB","University","18","18","13","9","9","0","1.6","0","5","4","0"
"2020/2021","North West","Kano","Gwale","Dandago","Government Secondary School, Dandago","Female","disabled","NECO","University","36","35","22","7","7","0","1.6","1","13","16","0"
"2020/2021","North West","Kano","Gwale","Dandago","Government Secondary School, Dandago","Female","disabled","WAEC","University","46","45","26","6","6","0","1.6","1","19","21","0"
"2020/2021","North West","Kano","Gwale","Dandago","Government Secondary School, Dandago","Male","all","NABTEB","University","185","182","115","43","35","8","1.6","3","67","73","8"
"2020/2021","North West","Kano","Gwale","Dandago","Government Secondary School, Dandago","Male","all","NECO","University","380","374","232","82","69","13","1.6","6","142","150","13"
"2020/2021","North West","Kano","Gwale","Dandago","Government Secondary School, Dandago","Male","all","WAEC","University","530","522","326","110","99","11","1.6","8","196","217","11"
"2020/2021","North West","Kano","Gwale","Dandago","Government Secondary School, Dandago","Male","disabled","NABTEB","University","18","18","8","0","0","0","1.6","0","10","8","0"
"2020/2021","North West","Kano","Gwale","Dandago","Government Secondary School, Dandago","Male","disabled","NECO","University","36","35","18","7","7","0","1.6","1","17","12","0"
"2020/2021","North West","Kano","Gwale","Dandago","Government Secondary School, Dandago","Male","disabled","WAEC","University","53","52","29","12","12","0","1.6","1","23","17","0"
"2020/2021","North West","Kano","Gwale","Dandago","Unity College, Gwale","Female","all","NABTEB","Polytechnic","128","126","78","26","18","8","1.8","2","48","52","8"
"2020/2021","North West","Kano","Gwale","Dandago","Unity College, Gwale","Female","all","NECO","Polytechnic","219","216","134","47","42","5","1.8","3","82","88","5"
"2020/2021","North West","Kano","Gwale","Dandago","Unity College, Gwale","Female","all","WAEC","Polytechnic","311","306","185","64","56","8","1.8","5","121","121","8"
"2020/2021","North West","Kano","Gwale","Dandago","Unity College, Gwale","Female","disabled","NABTEB","Polytechnic","14","14","7","0","0","0","1.8","0","7","7","0"
"2020/2021","North West","Kano","Gwale","Dandago","Unity College, Gwale","Female","disabled","NECO","Polytechnic","27","27","14","7","7","0","1.8","0","13","8","0"
"2020/2021","North West","Kano","Gwale","Dandago","Unity College, Gwale","Female","disabled","WAEC","Polytechnic","35","34","17","0","0","0","1.8","1","17","17","0"
"2020/2021","North West","Kano","Gwale","Dandago","Unity College, Gwale","Male","all","NABTEB","Polytechnic","147","145","90","26","18","8","1.8","2","55","65","8"
"2020/2021","North West","Kano","Gwale","Dandago","Unity College, Gwale","Male","all","NECO","Polytechnic","264","260","160","41","35","6","1.8","4","100","120","6"
"2020/2021","North West","Kano","Gwale","Dandago","Unity College, Gwale","Male","all","WAEC","Polytechnic","365","360","225","64","56","8","1.8","5","135","162","8"
"2020/2021","North West","Kano","Gwale","Dandago","Unity College, Gwale","Male","disabled","NABTEB","Polytechnic","18","18","8","0","0","0","1.8","0","10","8","0"
"2020/2021","North West","Kano","Gwale","Dandago","Unity College, Gwale","Male","disabled","NECO","Polytechnic","31","31","18","0","0","0","1.8","0","13","18","0"
"2020/2021","North West","Kano","Gwale","Dandago","Unity College, Gwale","Male","disabled","WAEC","Polytechnic","43","42","24","6","6","0","1.8","1","18","18","0"
"2020/2021","North West","Kano","Gwale","Diso","Community Secondary School, Diso","Female","all","NABTEB","University","107","105","66","17","18","0","1.6","2","39","50","0"
"2020/2021","North West","Kano","Gwale","Diso","Community Secondary School, Diso","Female","all","NECO","University","167","165","100","41","35","6","1.6","2","65","60","6"
"2020/2021","North West","Kano","Gwale","Diso","Community Secondary School, Diso","Female","all","WAEC","University","214","211","142","52","50","2","1.6","3","69","90","2"
"2020/2021","North West","Kano","Gwale","Diso","Community Secondary School, Diso","Female","disabled","NABTEB","University","14","14","7","0","0","0","1.6","0","7","7","0"
"2020/2021","North West","Kano","Gwale","Diso","Community Secondary School, Diso","Female","disabled","NECO","University","15","15","7","7","7","0","1.6","0","8","0","0"
"2020/2021","North West","Kano","Gwale","Diso","Community Secondary School, Diso","Female","disabled","WAEC","University","19","19","13","6","6","0","1.6","0","6","7","0"
"2020/2021","North West","Kano","Gwale","Diso","Community Secondary School, Diso","Male","all","NABTEB","University","98","97","57","17","18","0","1.6","1","40","40","0"
"2020/2021","North West","Kano","Gwale","Diso","Community Secondary School, Diso","Male","all","NECO","University","167","165","104","27","21","6","1.6","2","61","78","6"
"2020/2021","North West","Kano","Gwale","Diso","Community Secondary School, Diso","Male","all","WAEC","University","213","210","134","35","31","4","1.6","3","76","100","4"
"2020/2021","North West","Kano","Gwale","Diso","Community Secondary School, Diso","Male","disabled","NABTEB","University","14","14","7","0","0","0","1.6","0","7","7","0"
"2020/2021","North West","Kano","Gwale","Diso","Community Secondary School, Diso","Male","disabled","NECO","University","15","15","7","0","0","0","1.6","0","8","7","0"
"2020/2021","North West","Kano","Gwale","Diso","Community Secondary School, Diso","Male","disabled","WAEC","University","23","23","13","0","0","0","1.6","0","10","13","0"
"2020/2021","North West","Kano","Gwale","Diso","Comprehensive High School, Diso","Female","all","NABTEB","Polytechnic","94","93","53","17","18","0","1.8","1","40","36","0"
"2020/2021","North West","Kano","Gwale","Diso","Comprehensive High School, Diso","Female","all","NECO","Polytechnic","207","204","130","47","42","5","1.8","3","74","83","5"
"2020/2021","North West","Kano","Gwale","Diso","Comprehensive High School, Diso","Female","all","WAEC","Polytechnic","241","237","141","52","50","2","1.8","4","96","90","2"
"2020/2021","North West","Kano","Gwale","Diso","Comprehensive High School, Diso","Female","disabled","NABTEB","Polytechnic","14","14","7","0","0","0","1.8","0","7","7","0"
"2020/2021","North West","Kano","Gwale","Diso","Comprehensive High School, Diso","Female","disabled","NECO","Polytechnic","27","27","14","7","7","0","1.8","0","13","8","0"
"2020/2021","North West","Kano","Gwale","Diso","Comprehensive High School, Diso","Female","disabled","WAEC","Polytechnic","30","30","16","6","6","0","1.8","0","14","11","0"
"2020/2021","North West","Kano","Gwale","Diso","Comprehensive High School, Diso","Male","all","NABTEB","Polytechnic","125","123","74","17","18","0","1.8","2","49","58","0"
"2020/2021","North West","Kano","Gwale","Diso","Comprehensive High School, Diso","Male","all","NECO","Polytechnic","227","224","134","41","35","6","1.8","3","90","94","6"
"2020/2021","North West","Kano","Gwale","Diso","Comprehensive High School, Diso","Male","all","WAEC","Polytechnic","268","264","171","52","50","2","1.8","4","93","120","2"
"2020/2021","North West","Kano","Gwale","Diso","Comprehensive High School, Diso","Male","disabled","NABTEB","Polytechnic","14","14","7","0","0","0","1.8","0","7","7","0"
"2020/2021","North West","Kano","Gwale","Diso","Comprehensive High School, Diso","Male","disabled","NECO","Polytechnic","31","31","18","7","7","0","1.8","0","13","12","0"
"2020/2021","North West","Kano","Gwale","Diso","Comprehensive High School, Diso","Male","disabled","WAEC","Polytechnic","35","34","19","6","6","0","1.8","1","15","14","0"
"2020/2021","North West","Kano","Gwale","Diso","Government Secondary School, Diso","Female","all","NABTEB","University","73","72","41","9","9","0","1.6","1","31","33","0"
"2020/2021","North West","Kano","Gwale","Diso","Government Secondary School, Diso","Female","all","NECO","University","159","157","93","27","21","6","1.6","2","64","67","6"
"2020/2021","North West","Kano","Gwale","Diso","Government Secondary School, Diso","Female","all","WAEC","University","194","191","114","35","31","4","1.6","3","77","80","4"
"2020/2021","North West","Kano","Gwale","Diso","Government Secondary School, Diso","Female","disabled","NABTEB","University","14","14","7","0","0","0","1.6","0","7","7","0"
"2020/2021","North West","Kano","Gwale","Diso","Government Secondary School, Diso","Female","disabled","NECO","University","19","19","10","0","0","0","1.6","0","9","10","0"
"2020/2021","North West","Kano","Gwale","Diso","Government Secondary School, Diso","Female","disabled","WAEC","University","23","23","13","6","6","0","1.6","0","10","7","0"
"2020/2021","North West","Kano","Gwale","Diso","Government Secondary School, Diso","Male","all","NABTEB","University","98","97","57","17","18","0","1.6","1","40","40","0"
"2020/2021","North West","Kano","Gwale","Diso","Government Secondary School, Diso","Male","all","NECO","University","200","197","123","34","28","6","1.6","3","74","90","6"
"2020/2021","North West","Kano","Gwale","Diso","Government Secondary School, Diso","Male","all","WAEC","University","237","233","141","35","31","4","1.6","4","92","106","4"
"2020/2021","North West","Kano","Gwale","Diso","Government Secondary School, Diso","Male","disabled","NABTEB","University","14","14","7","0","0","0","1.6","0","7","7","0"
"2020/2021","North West","Kano","Gwale","Diso","Government Secondary School, Diso","Male","disabled","NECO","University","23","23","14","0","0","0","1.6","0","9","14","0"
"2020/2021","North West","Kano","Gwale","Diso","Government Secondary School, Diso","Male","disabled","WAEC","University","30","30","16","0","0","0","1.6","0","14","16","0"
"2020/2021","North West","Kano","Gwale","Diso","Unity College, Gwale","Female","all","NABTEB","Polytechnic","180","177","111","51","44","8","1.8","3","66","59","8"
"2020/2021","North West","Kano","Gwale","Diso","Unity College, Gwale","Female","all","NECO","Polytechnic","336","331","209","75","62","13","1.8","5","122","135","13"
"2020/2021","North West","Kano","Gwale","Diso","Unity College, Gwale","Female","all","WAEC","Polytechnic","460","453","276","116","105","11","1.8","7","177","161","11"
"2020/2021","North West","Kano","Gwale","Diso","Unity College, Gwale","Female","disabled","NABTEB","Polytechnic","18","18","13","9","9","0","1.8","0","5","4","0"
"2020/2021","North West","Kano","Gwale","Diso","Unity College, Gwale","Female","disabled","NECO","Polytechnic","31","31","18","7","7","0","1.8","0","13","12","0"
"2020/2021","North West","Kano","Gwale","Diso","Unity College, Gwale","Female","disabled","WAEC","Polytechnic","43","42","24","6","6","0","1.8","1","18","18","0"
"2020/2021","North West","Kano","Gwale","Diso","Unity College, Gwale","Male","all","NABTEB","Polytechnic","181","178","107","43","36","7","1.8","3","71","65","7"
"2020/2021","North West","Kano","Gwale","Diso","Unity College, Gwale","Male","all","NECO","Polytechnic","351","346","213","75","62","13","1.8","5","133","138","13"
"2020/2021","North West","Kano","Gwale","Diso","Unity College, Gwale","Male","all","WAEC","Polytechnic","498","491","296","98","87","11","1.8","7","195","199","11"
"2020/2021","North West","Kano","Gwale","Diso","Unity College, Gwale","Male","disabled","NABTEB","Polytechnic","18","18","13","9","9","0","1.8","0","5","4","0"
"2020/2021","North West","Kano","Gwale","Diso","Unity College, Gwale","Male","disabled","NECO","Polytechnic","31","31","18","7","7","0","1.8","0","13","12","0"
"2020/2021","North West","Kano","Gwale","Diso","Unity College, Gwale","Male","disabled","WAEC","Polytechnic","46","45","26","6","6","0","1.8","1","19","21","0"
"2020/2021","North West","Kano","Gwale","Dorayi","Community Secondary School, Dorayi","Female","all","NABTEB","Polytechnic","165","163","103","43","35","8","1.8","2","60","61","8"
"2020/2021","North West","Kano","Gwale","Dorayi","Community Secondary School, Dorayi","Female","all","NECO","Polytechnic","331","326","198","82","69","13","1.8","5","128","116","13"
"2020/2021","North West","Kano","Gwale","Dorayi","Community Secondary School, Dorayi","Female","all","WAEC","Polytechnic","394","388","246","93","87","6","1.8","6","142","153","6"
"2020/2021","North West","Kano","Gwale","Dorayi","Community Secondary School, Dorayi","Female","disabled","NABTEB","Polytechnic","14","14","7","0","0","0","1.8","0","7","7","0"
"2020/2021","North West","Kano","Gwale","Dorayi","Community Secondary School, Dorayi","Female","disabled","NECO","Polytechnic","36","35","18","7","7","0","1.8","1","17","12","0"
"2020/2021","North West","Kano","Gwale","Dorayi","Community Secondary School, Dorayi","Female","disabled","WAEC","Polytechnic","39","38","24","6","6","0","1.8","1","14","18","0"
"2020/2021","North West","Kano","Gwale","Dorayi","Community Secondary School, Dorayi","Male","all","NABTEB","Polytechnic","154","152","99","43","35","8","1.8","2","53","57","8"
"2020/2021","North West","Kano","Gwale","Dorayi","Community Secondary School, Dorayi","Male","all","NECO","Polytechnic","316","311","194","61","49","12","1.8","5","117","134","12"
"2020/2021","North West","Kano","Gwale","Dorayi","Community Secondary School, Dorayi","Male","all","WAEC","Polytechnic","412","406","252","87","80","7","1.8","6","154","165","7"
"2020/2021","North West","Kano","Gwale","Dorayi","Community Secondary School, Dorayi","Male","disabled","NABTEB","Polytechnic","17","17","8","8","8","0","1.8","0","9","0","0"
"2020/2021","North West","Kano","Gwale","Dorayi","Community Secondary School, Dorayi","Male","disabled","NECO","Polytechnic","31","31","18","7","7","0","1.8","0","13","12","0"
"2020/2021","North West","Kano","Gwale","Dorayi","Community Secondary School, Dorayi","Male","disabled","WAEC","Polytechnic","43","42","24","6","6","0","1.8","1","18","18","0"
"2020/2021","North West","Kano","Gwale","Dorayi","Comprehensive High School, Dorayi","Female","all","NABTEB","College of Education","77","76","49","26","27","0","1.9","1","27","24","0"
"2020/2021","North West","Kano","Gwale","Dorayi","Comprehensive High School, Dorayi","Female","all","NECO","College of Education","116","114","70","27","28","0","1.8","2","44","44","0"
"2020/2021","North West","Kano","Gwale","Dorayi","Comprehensive High School, Dorayi","Female","all","WAEC","College of Education","162","160","104","40","37","3","1.8","2","56","65","3"
"2020/2021","North West","Kano","Gwale","Dorayi","Comprehensive High School, Dorayi","Female","disabled","NABTEB","College of Education","14","14","7","8","8","0","1.9","0","7","0","0"
"2020/2021","North West","Kano","Gwale","Dorayi","Comprehensive High School, Dorayi","Female","disabled","NECO","College of Education","15","15","10","7","7","0","1.8","0","5","4","0"
"2020/2021","North West","Kano","Gwale","Dorayi","Comprehensive High School, Dorayi","Female","disabled","WAEC","College of Education","15","15","10","6","6","0","1.8","0","5","4","0"
"2020/2021","North West","Kano","Gwale","Dorayi","Comprehensive High School, Dorayi","Male","all","NABTEB","College of Education","84","83","49","17","18","0","1.9","1","34","33","0"
"2020/2021","North West","Kano","Gwale","Dorayi","Comprehensive High School, Dorayi","Male","all","NECO","College of Education","135","133","78","27","21","6","1.8","2","55","52","6"
"2020/2021","North West","Kano","Gwale","Dorayi","Comprehensive High School, Dorayi","Male","all","WAEC","College of Education","191","188","121","46","43","3","1.8","3","67","75","3"
"2020/2021","North West","Kano","Gwale","Dorayi","Comprehensive High School, Dorayi","Male","disabled","NABTEB","College of Education","14","14","8","0","0","0","1.9","0","6","8","0"
"2020/2021","North West","Kano","Gwale","Dorayi","Comprehensive High School, Dorayi","Male","disabled","NECO","College of Education","15","15","7","7","7","0","1.8","0","8","0","0"
"2020/2021","North West","Kano","Gwale","Dorayi","Comprehensive High School, Dorayi","Male","disabled","WAEC","College of Education","15","15","10","6","6","0","1.8","0","5","4","0"
"2020/2021","North West","Kano","Gwale","Dorayi","Government Secondary School, Dorayi","Female","all","NABTEB","College of Education","84","83","57","26","27","0","1.9","1","26","32","0"
"2020/2021","North West","Kano","Gwale","Dorayi","Government Secondary School, Dorayi","Female","all","NECO","College of Education","155","153","100","41","35","6","1.8","2","53","60","6"
"2020/2021","North West","Kano","Gwale","Dorayi","Government Secondary School, Dorayi","Female","all","WAEC","College of Education","195","192","118","52","50","2","1.8","3","74","66","2"
"2020/2021","North West","Kano","Gwale","Dorayi","Government Secondary School, Dorayi","Female","disabled","NABTEB","College of Education","14","14","8","9","9","0","1.9","0","6","0","0"
"2020/2021","North West","Kano","Gwale","Dorayi","Government Secondary School, Dorayi","Female","disabled","NECO","College of Education","19","19","10","7","7","0","1.8","0","9","4","0"
"2020/2021","North West","Kano","Gwale","Dorayi","Government Secondary School, Dorayi","Female","disabled","WAEC","College of Education","23","23","13","6","6","0","1.8","0","10","7","0"
"2020/2021","North West","Kano","Gwale","Dorayi","Government Secondary School, Dorayi","Male","all","NABTEB","College of Education","83","82","53","25","26","0","1.9","1","29","27","0"
"2020/2021","North West","Kano","Gwale","Dorayi","Government Secondary School, Dorayi","Male","all","NECO","College of Education","147","145","97","34","28","6","1.8","2","48","64","6"
"2020/2021","North West","Kano","Gwale","Dorayi","Government Secondary School, Dorayi","Male","all","WAEC","College of Education","213","210","131","46","43","3","1.8","3","79","86","3"
"2020/2021","North West","Kano","Gwale","Dorayi","Government Secondary School, Dorayi","Male","disabled","NABTEB","College of Education","14","14","8","9","9","0","1.9","0","6","0","0"
"2020/2021","North West","Kano","Gwale","Dorayi","Government Secondary School, Dorayi","Male","disabled","NECO","College of Education","19","19","10","7","7","0","1.8","0","9","4","0"
"2020/2021","North West","Kano","Gwale","Dorayi","Government Secondary School, Dorayi","Male","disabled","WAEC","College of Education","26","26","16","6","6","0","1.8","0","10","11","0"
"2020/2021","North West","Kano","Gwale","Dorayi","Unity College, Gwale","Female","all","NABTEB","Polytechnic","114","112","74","35","27","8","1.8","2","38","40","8"
"2020/2021","North West","Kano","Gwale","Dorayi","Unity College, Gwale","Female","all","NECO","Polytechnic","231","228","157","68","55","13","1.8","3","71","90","13"
"2020/2021","North West","Kano","Gwale","Dorayi","Unity College, Gwale","Female","all","WAEC","Polytechnic","280","276","185","69","62","7","1.8","4","91","117","7"
"2020/2021","North West","Kano","Gwale","Dorayi","Unity College, Gwale","Female","disabled","NABTEB","Polytechnic","14","14","8","0","0","0","1.8","0","6","8","0"
"2020/2021","North West","Kano","Gwale","Dorayi","Unity College, Gwale","Female","disabled","NECO","Polytechnic","27","27","18","7","7","0","1.8","0","9","12","0"
"2020/2021","North West","Kano","Gwale","Dorayi","Unity College, Gwale","Female","disabled","WAEC","Polytechnic","38","37","23","6","6","0","1.8","1","14","18","0"
"2020/2021","North West","Kano","Gwale","Dorayi","Unity College, Gwale","Male","all","NABTEB","Polytechnic","129","127","86","35","27","8","1.8","2","41","52","8"
"2020/2021","North West","Kano","Gwale","Dorayi","Unity College, Gwale","Male","all","NECO","Polytechnic","241","237","161","54","48","6","1.8","4","76","107","6"
"2020/2021","North West","Kano","Gwale","Dorayi","Unity College, Gwale","Male","all","WAEC","Polytechnic","318","313","195","64","56","8","1.8","5","118","131","8"
"2020/2021","North West","Kano","Gwale","Dorayi","Unity College, Gwale","Male","disabled","NABTEB","Polytechnic","14","14","8","0","0","0","1.8","0","6","8","0"
"2020/2021","North West","Kano","Gwale","Dorayi","Unity College, Gwale","Male","disabled","NECO","Polytechnic","31","31","18","7","7","0","1.8","0","13","12","0"
"2020/2021","North West","Kano","Gwale","Dorayi","Unity College, Gwale","Male","disabled","WAEC","Polytechnic","42","41","23","6","6","0","1.8","1","18","18","0"
"2020/2021","North West","Kano","Kano Municipal","Chedi","Community Secondary School, Chedi","Female","all","NABTEB","College of Education","106","104","61","17","18","0","1.9","2","43","44","0"
"2020/2021","North West","Kano","Kano Municipal","Chedi","Community Secondary School, Chedi","Female","all","NECO","College of Education","184","181","100","34","28","6","1.8","3","81","67","6"
"2020/2021","North West","Kano","Kano Municipal","Chedi","Community Secondary School, Chedi","Female","all","WAEC","College of Education","268","264","164","46","43","3","1.8","4","100","119","3"
"2020/2021","North West","Kano","Kano Municipal","Chedi","Community Secondary School, Chedi","Female","disabled","NABTEB","College of Education","14","14","8","0","0","0","1.9","0","6","8","0"
"2020/2021","North West","Kano","Kano Municipal","Chedi","Community Secondary School, Chedi","Female","disabled","NECO","College of Education","23","23","11","7","7","0","1.8","0","12","4","0"
"2020/2021","North West","Kano","Kano Municipal","Chedi","Community Secondary School, Chedi","Female","disabled","WAEC","College of Education","26","26","16","0","0","0","1.8","0","10","16","0"
"2020/2021","North West","Kano","Kano Municipal","Chedi","Community Secondary School, Chedi","Male","all","NABTEB","College of Education","106","104","66","17","18","0","1.9","2","38","49","0"
"2020/2021","North West","Kano","Kano Municipal","Chedi","Community Secondary School, Chedi","Male","all","NECO","College of Education","208","205","112","27","21","6","1.8","3","93","86","6"
"2020/2021","North West","Kano","Kano Municipal","Chedi","Community Secondary School, Chedi","Male","all","WAEC","College of Education","260","256","158","35","31","4","1.8","4","98","123","4"
"2020/2021","North West","Kano","Kano Municipal","Chedi","Community Secondary School, Chedi","Male","disabled","NABTEB","College of Education","14","14","7","0","0","0","1.9","0","7","7","0"
"2020/2021","North West","Kano","Kano Municipal","Chedi","Community Secondary School, Chedi","Male","disabled","NECO","College of Education","23","23","11","0","0","0","1.8","0","12","11","0"
"2020/2021","North West","Kano","Kano Municipal","Chedi","Community Secondary School, Chedi","Male","disabled","WAEC","College of Education","30","30","16","0","0","0","1.8","0","14","16","0"
"2020/2021","North West","Kano","Kano Municipal","Chedi","Comprehensive High School, Chedi","Female","all","NABTEB","University","155","153","96","35","27","8","1.6","2","57","61","8"
"2020/2021","North West","Kano","Kano Municipal","Chedi","Comprehensive High School, Chedi","Female","all","NECO","University","304","299","194","68","55","13","1.6","5","105","126","13"
"2020/2021","North West","Kano","Kano Municipal","Chedi","Comprehensive High School, Chedi","Female","all","WAEC","University","428","422","259","98","87","11","1.6","6","163","162","11"
"2020/2021","North West","Kano","Kano Municipal","Chedi","Comprehensive High School, Chedi","Female","disabled","NABTEB","University","14","14","8","0","0","0","1.6","0","6","8","0"
"2020/2021","North West","Kano","Kano Municipal","Chedi","Comprehensive High School, Chedi","Female","disabled","NECO","University","27","27","14","7","7","0","1.6","0","13","8","0"
"2020/2021","North West","Kano","Kano Municipal","Chedi","Comprehensive High School, Chedi","Female","disabled","WAEC","University","38","37","23","6","6","0","1.6","1","14","18","0"
"2020/2021","North West","Kano","Kano Municipal","Chedi","Comprehensive High School, Chedi","Male","all","NABTEB","University","199","196","124","35","27","8","1.6","3","72","90","8"
"2020/2021","North West","Kano","Kano Municipal","Chedi","Comprehensive High School, Chedi","Male","all","NECO","University","373","367","243","82","69","13","1.6","6","124","162","13"
"2020/2021","North West","Kano","Kano Municipal","Chedi","Comprehensive High School, Chedi","Male","all","WAEC","University","518","510","320","98","93","5","1.6","8","190","223","5"
"2020/2021","North West","Kano","Kano Municipal","Chedi","Comprehensive High School, Chedi","Male","disabled","NABTEB","University","14","14","8","0","0","0","1.6","0","6","8","0"
"2020/2021","North West","Kano","Kano Municipal","Chedi","Comprehensive High School, Chedi","Male","disabled","NECO","University","31","31","18","7","7","0","1.6","0","13","12","0"
"2020/2021","North West","Kano","Kano Municipal","Chedi","Comprehensive High School, Chedi","Male","disabled","WAEC","University","43","42","27","6","6","0","1.6","1","15","21","0"
"2020/2021","North West","Kano","Kano Municipal","Chedi","Government Secondary School, Chedi","Female","all","NABTEB","Polytechnic","143","141","86","26","18","8","1.8","2","55","61","8"
"2020/2021","North West","Kano","Kano Municipal","Chedi","Government Secondary School, Chedi","Female","all","NECO","Polytechnic","256","252","149","54","48","6","1.8","4","103","96","6"
"2020/2021","North West","Kano","Kano Municipal","Chedi","Government Secondary School, Chedi","Female","all","WAEC","Polytechnic","328","323","196","69","62","7","1.8","5","127","127","7"
"2020/2021","North West","Kano","Kano Municipal","Chedi","Government Secondary School, Chedi","Female","disabled","NABTEB","Polytechnic","18","18","8","0","0","0","1.8","0","10","8","0"
"2020/2021","North West","Kano","Kano Municipal","Chedi","Government Secondary School, Chedi","Female","disabled","NECO","Polytechnic","31","31","18","7","7","0","1.8","0","13","12","0"
"2020/2021","North West","Kano","Kano Municipal","Chedi","Government Secondary School, Chedi","Female","disabled","WAEC","Polytechnic","39","38","24","6","6","0","1.8","1","14","18","0"
"2020/2021","North West","Kano","Kano Municipal","Chedi","Government Secondary School, Chedi","Male","all","NABTEB","Polytechnic","129","127","78","17","18","0","1.8","2","49","62","0"
"2020/2021","North West","Kano","Kano Municipal","Chedi","Government Secondary School, Chedi","Male","all","NECO","Polytechnic","264","260","149","47","42","5","1.8","4","111","103","5"
"2020/2021","North West","Kano","Kano Municipal","Chedi","Government Secondary School, Chedi","Male","all","WAEC","Polytechnic","312","307","178","46","43","3","1.8","5","129","133","3"
"2020/2021","North West","Kano","Kano Municipal","Chedi","Government Secondary School, Chedi","Male","disabled","NABTEB","Polytechnic","18","18","8","0","0","0","1.8","0","10","8","0"
"2020/2021","North West","Kano","Kano Municipal","Chedi","Government Secondary School, Chedi","Male","disabled","NECO","Polytechnic","31","31","18","7","7","0","1.8","0","13","12","0"
"2020/2021","North West","Kano","Kano Municipal","Chedi","Government Secondary School, Chedi","Male","disabled","WAEC","Polytechnic","42","41","23","0","0","0","1.8","1","18","23","0"
"2020/2021","North West","Kano","Kano Municipal","Chedi","Unity College, Kano Municipal","Female","all","NABTEB","College of Education","110","108","61","17","18","0","1.9","2","47","45","0"
"2020/2021","North West","Kano","Kano Municipal","Chedi","Unity College, Kano Municipal","Female","all","NECO","College of Education","231","228","130","41","35","6","1.8","3","98","90","6"
"2020/2021","North West","Kano","Kano Municipal","Chedi","Unity College, Kano Municipal","Female","all","WAEC","College of Education","288","284","158","52","50","2","1.8","4","126","107","2"
"2020/2021","North West","Kano","Kano Municipal","Chedi","Unity College, Kano Municipal","Female","disabled","NABTEB","College of Education","14","14","7","0","0","0","1.9","0","7","7","0"
"2020/2021","North West","Kano","Kano Municipal","Chedi","Unity College, Kano Municipal","Female","disabled","NECO","College of Education","19","19","10","7","7","0","1.8","0","9","4","0"
"2020/2021","North West","Kano","Kano Municipal","Chedi","Unity College, Kano Municipal","Female","disabled","WAEC","College of Education","26","26","16","6","6","0","1.8","0","10","11","0"
"2020/2021","North West","Kano","Kano Municipal","Chedi","Unity College, Kano Municipal","Male","all","NABTEB","College of Education","106","104","65","17","18","0","1.9","2","39","48","0"
"2020/2021","North West","Kano","Kano Municipal","Chedi","Unity College, Kano Municipal","Male","all","NECO","College of Education","219","216","127","27","21","6","1.8","3","89","101","6"
"2020/2021","North West","Kano","Kano Municipal","Chedi","Unity College, Kano Municipal","Male","all","WAEC","College of Education","249","245","151","40","37","3","1.8","4","94","112","3"
"2020/2021","North West","Kano","Kano Municipal","Chedi","Unity College, Kano Municipal","Male","disabled","NABTEB","College of Education","14","14","7","0","0","0","1.9","0","7","7","0"
"2020/2021","North West","Kano","Kano Municipal","Chedi","Unity College, Kano Municipal","Male","disabled","NECO","College of Education","19","19","10","0","0","0","1.8","0","9","10","0"
"2020/2021","North West","Kano","Kano Municipal","Chedi","Unity College, Kano Municipal","Male","disabled","WAEC","College of Education","26","26","16","0","0","0","1.8","0","10","16","0"
"2020/2021","North West","Kano","Kano Municipal","Dan'agundi","Community Secondary School, Dan'agundi","Female","all","NABTEB","Polytechnic","76","75","45","17","18","0","1.8","1","30","28","0"
"2020/2021","North West","Kano","Kano Municipal","Dan'agundi","Community Secondary School, Dan'agundi","Female","all","NECO","Polytechnic","143","141","85","34","28","6","1.8","2","56","52","6"
"2020/2021","North West","Kano","Kano Municipal","Dan'agundi","Community Secondary School, Dan'agundi","Female","all","WAEC","Polytechnic","171","168","107","46","43","3","1.8","3","61","62","3"
"2020/2021","North West","Kano","Kano Municipal","Dan'agundi","Community Secondary School, Dan'agundi","Female","disabled","NABTEB","Polytechnic","14","14","7","0","0","0","1.8","0","7","7","0"
"2020/2021","North West","Kano","Kano Municipal","Dan'agundi","Community Secondary School, Dan'agundi","Female","disabled","NECO","Polytechnic","15","15","7","0","0","0","1.8","0","8","7","0"
"2020/2021","North West","Kano","Kano Municipal","Dan'agundi","Community Secondary School, Dan'agundi","Female","disabled","WAEC","Polytechnic","15","15","10","6","6","0","1.8","0","5","4","0"
"2020/2021","North West","Kano","Kano Municipal","Dan'agundi","Community Secondary School, Dan'agundi","Male","all","NABTEB","Polytechnic","80","79","49","17","18","0","1.8","1","30","33","0"
"2020/2021","North West","Kano","Kano Municipal","Dan'agundi","Community Secondary School, Dan'agundi","Male","all","NECO","Polytechnic","136","134","86","27","28","0","1.8","2","48","59","0"
"2020/2021","North West","Kano","Kano Municipal","Dan'agundi","Community Secondary School, Dan'agundi","Male","all","WAEC","Polytechnic","171","168","100","29","25","4","1.8","3","68","72","4"
"2020/2021","North West","Kano","Kano Municipal","Dan'agundi","Community Secondary School, Dan'agundi","Male","disabled","NABTEB","Polytechnic","14","14","7","0","0","0","1.8","0","7","7","0"
"2020/2021","North West","Kano","Kano Municipal","Dan'agundi","Community Secondary School, Dan'agundi","Male","disabled","NECO","Polytechnic","15","15","10","7","7","0","1.8","0","5","4","0"
"2020/2021","North West","Kano","Kano Municipal","Dan'agundi","Community Secondary School, Dan'agundi","Male","disabled","WAEC","Polytechnic","15","15","10","6","6","0","1.8","0","5","4","0"
"2020/2021","North West","Kano","Kano Municipal","Dan'agundi","Comprehensive High School, Dan'agundi","Female","all","NABTEB","College of Education","132","130","82","34","27","7","1.9","2","48","49","7"
"2020/2021","North West","Kano","Kano Municipal","Dan'agundi","Comprehensive High School, Dan'agundi","Female","all","NECO","College of Education","248","244","157","54","48","6","1.8","4","87","104","6"
"2020/2021","North West","Kano","Kano Municipal","Dan'agundi","Comprehensive High School, Dan'agundi","Female","all","WAEC","College of Education","350","345","225","75","68","7","1.8","5","120","151","7"
"2020/2021","North West","Kano","Kano Municipal","Dan'agundi","Comprehensive High School, Dan'agundi","Female","disabled","NABTEB","College of Education","14","14","7","0","0","0","1.9","0","7","7","0"
"2020/2021","North West","Kano","Kano Municipal","Dan'agundi","Comprehensive High School, Dan'agundi","Female","disabled","NECO","College of Education","23","23","14","7","7","0","1.8","0","9","8","0"
"2020/2021","North West","Kano","Kano Municipal","Dan'agundi","Comprehensive High School, Dan'agundi","Female","disabled","WAEC","College of Education","30","30","19","6","6","0","1.8","0","11","14","0"
"2020/2021","North West","Kano","Kano Municipal","Dan'agundi","Comprehensive High School, Dan'agundi","Male","all","NABTEB","College of Education","158","156","103","35","27","8","1.9","2","53","69","8"
"2020/2021","North West","Kano","Kano Municipal","Dan'agundi","Comprehensive High School, Dan'agundi","Male","all","NECO","College of Education","300","296","175","54","48","6","1.8","4","121","122","6"
"2020/2021","North West","Kano","Kano Municipal","Dan'agundi","Comprehensive High School, Dan'agundi","Male","all","WAEC","College of Education","401","395","235","81","68","13","1.8","6","160","155","13"
"2020/2021","North West","Kano","Kano Municipal","Dan'agundi","Comprehensive High School, Dan'agundi","Male","disabled","NABTEB","College of Education","14","14","7","0","0","0","1.9","0","7","7","0"
"2020/2021","North West","Kano","Kano Municipal","Dan'agundi","Comprehensive High School, Dan'agundi","Male","disabled","NECO","College of Education","27","27","14","7","7","0","1.8","0","13","8","0"
"2020/2021","North West","Kano","Kano Municipal","Dan'agundi","Comprehensive High School, Dan'agundi","Male","disabled","WAEC","College of Education","35","34","19","6","6","0","1.8","1","15","14","0"
"2020/2021","North West","Kano","Kano Municipal","Dan'agundi","Government Secondary School, Dan'agundi","Female","all","NABTEB","Polytechnic","114","112","70","17","18","0","1.8","2","42","54","0"
"2020/2021","North West","Kano","Kano Municipal","Dan'agundi","Government Secondary School, Dan'agundi","Female","all","NECO","Polytechnic","231","228","153","54","48","6","1.8","3","75","100","6"
"2020/2021","North West","Kano","Kano Municipal","Dan'agundi","Government Secondary School, Dan'agundi","Female","all","WAEC","Polytechnic","284","280","171","64","56","8","1.8","4","109","108","8"
"2020/2021","North West","Kano","Kano Municipal","Dan'agundi","Government Secondary School, Dan'agundi","Female","disabled","NABTEB","Polytechnic","14","14","7","0","0","0","1.8","0","7","7","0"
"2020/2021","North West","Kano","Kano Municipal","Dan'agundi","Government Secondary School, Dan'agundi","Female","disabled","NECO","Polytechnic","23","23","14","7","7","0","1.8","0","9","8","0"
"2020/2021","North West","Kano","Kano Municipal","Dan'agundi","Government Secondary School, Dan'agundi","Female","disabled","WAEC","Polytechnic","30","30","16","6","6","0","1.8","0","14","11","0"
"2020/2021","North West","Kano","Kano Municipal","Dan'agundi","Government Secondary School, Dan'agundi","Male","all","NABTEB","Polytechnic","132","130","82","26","18","8","1.8","2","48","57","8"
"2020/2021","North West","Kano","Kano Municipal","Dan'agundi","Government Secondary School, Dan'agundi","Male","all","NECO","Polytechnic","223","220","130","41","35","6","1.8","3","90","90","6"
"2020/2021","North West","Kano","Kano Municipal","Dan'agundi","Government Secondary School, Dan'agundi","Male","all","WAEC","Polytechnic","312","307","195","64","56","8","1.8","5","112","132","8"
"2020/2021","North West","Kano","Kano Municipal","Dan'agundi","Government Secondary School, Dan'agundi","Male","disabled","NABTEB","Polytechnic","14","14","7","0","0","0","1.8","0","7","7","0"
"2020/2021","North West","Kano","Kano Municipal","Dan'agundi","Government Secondary School, Dan'agundi","Male","disabled","NECO","Polytechnic","27","27","14","7","7","0","1.8","0","13","8","0"
"2020/2021","North West","Kano","Kano Municipal","Dan'agundi","Government Secondary School, Dan'agundi","Male","disabled","WAEC","Polytechnic","35","34","19","6","6","0","1.8","1","15","14","0"
"2020/2021","North West","Kano","Kano Municipal","Dan'agundi","Unity College, Kano Municipal","Female","all","NABTEB","College of Education","103","101","61","17","18","0","1.9","2","40","45","0"
"2020/2021","North West","Kano","Kano Municipal","Dan'agundi","Unity College, Kano Municipal","Female","all","NECO","College of Education","195","192","108","34","28","6","1.8","3","84","74","6"
"2020/2021","North West","Kano","Kano Municipal","Dan'agundi","Unity College, Kano Municipal","Female","all","WAEC","College of Education","280","276","164","46","43","3","1.8","4","112","119","3"
"2020/2021","North West","Kano","Kano Municipal","Dan'agundi","Unity College, Kano Municipal","Female","disabled","NABTEB","College of Education","14","14","7","0","0","0","1.9","0","7","7","0"
"2020/2021","North West","Kano","Kano Municipal","Dan'agundi","Unity College, Kano Municipal","Female","disabled","NECO","College of Education","19","19","10","0","0","0","1.8","0","9","10","0"
"2020/2021","North West","Kano","Kano Municipal","Dan'agundi","Unity College, Kano Municipal","Female","disabled","WAEC","College of Education","26","26","16","0","0","0","1.8","0","10","16","0"
"2020/2021","North West","Kano","Kano Municipal","Dan'agundi","Unity College, Kano Municipal","Male","all","NABTEB","College of Education","106","104","61","17","18","0","1.9","2","43","44","0"
"2020/2021","North West","Kano","Kano Municipal","Dan'agundi","Unity College, Kano Municipal","Male","all","NECO","College of Education","184","181","108","34","28","6","1.8","3","73","75","6"
"2020/2021","North West","Kano","Kano Municipal","Dan'agundi","Unity College, Kano Municipal","Male","all","WAEC","College of Education","253","249","151","40","37","3","1.8","4","98","112","3"
"2020/2021","North West","Kano","Kano Municipal","Dan'agundi","Unity College, Kano Municipal","Male","disabled","NABTEB","College of Education","14","14","7","0","0","0","1.9","0","7","7","0"
"2020/2021","North West","Kano","Kano Municipal","Dan'agundi","Unity College, Kano Municipal","Male","disabled","NECO","College of Education","19","19","10","7","7","0","1.8","0","9","4","0"
"2020/2021","North West","Kano","Kano Municipal","Dan'agundi","Unity College, Kano Municipal","Male","disabled","WAEC","College of Education","26","26","16","6","6","0","1.8","0","10","11","0"
"2020/2021","North West","Kano","Kano Municipal","Gandun Albasa","Community Secondary School, Gandun Albasa","Female","all","NABTEB","University","129","127","70","17","18","0","1.6","2","57","54","0"
"2020/2021","North West","Kano","Kano Municipal","Gandun Albasa","Community Secondary School, Gandun Albasa","Female","all","NECO","University","256","252","153","41","35","6","1.6","4","99","113","6"
"2020/2021","North West","Kano","Kano Municipal","Gandun Albasa","Community Secondary School, Gandun Albasa","Female","all","WAEC","University","323","318","198","58","50","8","1.6","5","120","141","8"
"2020/2021","North West","Kano","Kano Municipal","Gandun Albasa","Community Secondary School, Gandun Albasa","Female","disabled","NABTEB","University","18","18","8","0","0","0","1.6","0","10","8","0"
"2020/2021","North West","Kano","Kano Municipal","Gandun Albasa","Community Secondary School, Gandun Albasa","Female","disabled","NECO","University","31","31","18","0","0","0","1.6","0","13","18","0"
"2020/2021","North West","Kano","Kano Municipal","Gandun Albasa","Community Secondary School, Gandun Albasa","Female","disabled","WAEC","University","46","45","26","6","6","0","1.6","1","19","21","0"
"2020/2021","North West","Kano","Kano Municipal","Gandun Albasa","Community Secondary School, Gandun Albasa","Male","all","NABTEB","University","161","159","99","26","18","8","1.6","2","60","73","8"
"2020/2021","North West","Kano","Kano Municipal","Gandun Albasa","Community Secondary School, Gandun Albasa","Male","all","NECO","University","316","311","183","54","48","6","1.6","5","128","130","6"
"2020/2021","North West","Kano","Kano Municipal","Gandun Albasa","Community Secondary School, Gandun Albasa","Male","all","WAEC","University","393","387","225","58","50","8","1.6","6","162","168","8"
"2020/2021","North West","Kano","Kano Municipal","Gandun Albasa","Community Secondary School, Gandun Albasa","Male","disabled","NABTEB","University","22","22","13","0","0","0","1.6","0","9","13","0"
"2020/2021","North West","Kano","Kano Municipal","Gandun Albasa","Community Secondary School, Gandun Albasa","Male","disabled","NECO","University","36","35","18","7","7","0","1.6","1","17","12","0"
"2020/2021","North West","Kano","Kano Municipal","Gandun Albasa","Community Secondary School, Gandun Albasa","Male","disabled","WAEC","University","50","49","26","6","6","0","1.6","1","23","21","0"
"2020/2021","North West","Kano","Kano Municipal","Gandun Albasa","Comprehensive High School, Gandun Albasa","Female","all","NABTEB","University","90","89","57","17","18","0","1.6","1","32","40","0"
"2020/2021","North West","Kano","Kano Municipal","Gandun Albasa","Comprehensive High School, Gandun Albasa","Female","all","NECO","University","147","145","85","27","28","0","1.6","2","60","59","0"
"2020/2021","North West","Kano","Kano Municipal","Gandun Albasa","Comprehensive High School, Gandun Albasa","Female","all","WAEC","University","206","203","124","40","37","3","1.6","3","79","85","3"
"2020/2021","North West","Kano","Kano Municipal","Gandun Albasa","Comprehensive High School, Gandun Albasa","Female","disabled","NABTEB","University","14","14","7","0","0","0","1.6","0","7","7","0"
"2020/2021","North West","Kano","Kano Municipal","Gandun Albasa","Comprehensive High School, Gandun Albasa","Female","disabled","NECO","University","19","19","10","7","7","0","1.6","0","9","4","0"
"2020/2021","North West","Kano","Kano Municipal","Gandun Albasa","Comprehensive High School, Gandun Albasa","Female","disabled","WAEC","University","26","26","13","6","6","0","1.6","0","13","7","0"
"2020/2021","North West","Kano","Kano Municipal","Gandun Albasa","Comprehensive High School, Gandun Albasa","Male","all","NABTEB","University","114","112","66","17","18","0","1.6","2","46","50","0"
"2020/2021","North West","Kano","Kano Municipal","Gandun Albasa","Comprehensive High School, Gandun Albasa","Male","all","NECO","University","196","193","123","34","28","6","1.6","3","70","90","6"
"2020/2021","North West","Kano","Kano Municipal","Gandun Albasa","Comprehensive High School, Gandun Albasa","Male","all","WAEC","University","241","237","144","40","37","3","1.6","4","93","105","3"
"2020/2021","North West","Kano","Kano Municipal","Gandun Albasa","Comprehensive High School, Gandun Albasa","Male","disabled","NABTEB","University","14","14","7","0","0","0","1.6","0","7","7","0"
"2020/2021","North West","Kano","Kano Municipal","Gandun Albasa","Comprehensive High School, Gandun Albasa","Male","disabled","NECO","University","23","23","14","0","0","0","1.6","0","9","14","0"
"2020/2021","North West","Kano","Kano Municipal","Gandun Albasa","Comprehensive High School, Gandun Albasa","Male","disabled","WAEC","University","30","30","16","6","6","0","1.6","0","14","11","0"
"2020/2021","North West","Kano","Kano Municipal","Gandun Albasa","Government Secondary School, Gandun Albasa","Female","all","NABTEB","University","150","148","90","26","18","8","1.6","2","58","64","8"
"2020/2021","North West","Kano","Kano Municipal","Gandun Albasa","Government Secondary School, Gandun Albasa","Female","all","NECO","University","300","296","175","61","48","13","1.6","4","121","115","13"
"2020/2021","North West","Kano","Kano Municipal","Gandun Albasa","Government Secondary School, Gandun Albasa","Female","all","WAEC","University","397","391","228","75","68","7","1.6","6","163","154","7"
"2020/2021","North West","Kano","Kano Municipal","Gandun Albasa","Government Secondary School, Gandun Albasa","Female","disabled","NABTEB","University","18","18","8","0","0","0","1.6","0","10","8","0"
"2020/2021","North West","Kano","Kano Municipal","Gandun Albasa","Government Secondary School, Gandun Albasa","Female","disabled","NECO","University","40","39","22","7","7","0","1.6","1","17","15","0"
"2020/2021","North West","Kano","Kano Municipal","Gandun Albasa","Government Secondary School, Gandun Albasa","Female","disabled","WAEC","University","50","49","26","6","6","0","1.6","1","23","21","0"
"2020/2021","North West","Kano","Kano Municipal","Gandun Albasa","Government Secondary School, Gandun Albasa","Male","all","NABTEB","University","147","145","86","34","35","0","1.6","2","59","53","0"
"2020/2021","North West","Kano","Kano Municipal","Gandun Albasa","Government Secondary School, Gandun Albasa","Male","all","NECO","University","335","330","198","54","48","6","1.6","5","132","144","6"
"2020/2021","North West","Kano","Kano Municipal","Gandun Albasa","Government Secondary School, Gandun Albasa","Male","all","WAEC","University","416","410","249","75","68","7","1.6","6","161","175","7"
"2020/2021","North West","Kano","Kano Municipal","Gandun Albasa","Government Secondary School, Gandun Albasa","Male","disabled","NABTEB","University","21","21","12","9","9","0","1.6","0","9","4","0"
"2020/2021","North West","Kano","Kano Municipal","Gandun Albasa","Government Secondary School, Gandun Albasa","Male","disabled","NECO","University","44","43","26","7","7","0","1.6","1","17","19","0"
"2020/2021","North West","Kano","Kano Municipal","Gandun Albasa","Government Secondary School, Gandun Albasa","Male","disabled","WAEC","University","53","52","26","6","6","0","1.6","1","26","20","0"
"2020/2021","North West","Kano","Kano Municipal","Gandun Albasa","Unity College, Kano Municipal","Female","all","NABTEB","College of Education","143","141","95","35","27","8","1.9","2","46","61","8"
"2020/2021","North West","Kano","Kano Municipal","Gandun Albasa","Unity College, Kano Municipal","Female","all","NECO","College of Education","283","279","183","68","62","6","1.8","4","96","115","6"
"2020/2021","North West","Kano","Kano Municipal","Gandun Albasa","Unity College, Kano Municipal","Female","all","WAEC","College of Education","378","372","235","81","74","7","1.8","6","137","155","7"
"2020/2021","North West","Kano","Kano Municipal","Gandun Albasa","Unity College, Kano Municipal","Female","disabled","NABTEB","College of Education","18","18","13","9","9","0","1.9","0","5","4","0"
"2020/2021","North West","Kano","Kano Municipal","Gandun Albasa","Unity College, Kano Municipal","Female","disabled","NECO","College of Education","31","31","18","7","7","0","1.8","0","13","12","0"
"2020/2021","North West","Kano","Kano Municipal","Gandun Albasa","Unity College, Kano Municipal","Female","disabled","WAEC","College of Education","42","41","23","6","6","0","1.8","1","18","18","0"
"2020/2021","North West","Kano","Kano Municipal","Gandun Albasa","Unity College, Kano Municipal","Male","all","NABTEB","College of Education","184","181","111","34","27","7","1.9","3","70","77","7"
"2020/2021","North West","Kano","Kano Municipal","Gandun Albasa","Unity College, Kano Municipal","Male","all","NECO","College of Education","336","331","209","68","55","13","1.8","5","122","142","13"
"2020/2021","North West","Kano","Kano Municipal","Gandun Albasa","Unity College, Kano Municipal","Male","all","WAEC","College of Education","463","456","276","93","87","6","1.8","7","180","183","6"
"2020/2021","North West","Kano","Kano Municipal","Gandun Albasa","Unity College, Kano Municipal","Male","disabled","NABTEB","College of Education","21","21","12","0","0","0","1.9","0","9","12","0"
"2020/2021","North West","Kano","Kano Municipal","Gandun Albasa","Unity College, Kano Municipal","Male","disabled","NECO","College of Education","40","39","22","0","0","0","1.8","1","17","22","0"
"2020/2021","North West","Kano","Kano Municipal","Gandun Albasa","Unity College, Kano Municipal","Male","disabled","WAEC","College of Education","61","60","36","12","12","0","1.8","1","24","24","0"
"2020/2021","North West","Kano","Nasarawa","Dakata","Community Secondary School, Dakata","Female","all","NABTEB","University","121","119","78","26","18","8","1.6","2","41","53","8"
"2020/2021","North West","Kano","Nasarawa","Dakata","Community Secondary School, Dakata","Female","all","NECO","University","208","205","134","54","49","5","1.6","3","71","81","5"
"2020/2021","North West","Kano","Nasarawa","Dakata","Community Secondary School, Dakata","Female","all","WAEC","University","256","252","161","58","50","8","1.6","4","91","103","8"
"2020/2021","North West","Kano","Nasarawa","Dakata","Community Secondary School, Dakata","Female","disabled","NABTEB","University","14","14","8","0","0","0","1.6","0","6","8","0"
"2020/2021","North West","Kano","Nasarawa","Dakata","Community Secondary School, Dakata","Female","disabled","NECO","University","19","19","10","7","7","0","1.6","0","9","4","0"
"2020/2021","North West","Kano","Nasarawa","Dakata","Community Secondary School, Dakata","Female","disabled","WAEC","University","23","23","13","6","6","0","1.6","0","10","7","0"
"2020/2021","North West","Kano","Nasarawa","Dakata","Community Secondary School, Dakata","Male","all","NABTEB","University","131","129","82","33","34","0","1.6","2","47","48","0"
"2020/2021","North West","Kano","Nasarawa","Dakata","Community Secondary School, Dakata","Male","all","NECO","University","264","260","168","61","49","12","1.6","4","92","108","12"
"2020/2021","North West","Kano","Nasarawa","Dakata","Community Secondary School, Dakata","Male","all","WAEC","University","326","321","198","58","50","8","1.6","5","123","140","8"
"2020/2021","North West","Kano","Nasarawa","Dakata","Community Secondary School, Dakata","Male","disabled","NABTEB","University","14","14","8","9","9","0","1.6","0","6","0","0"
"2020/2021","North West","Kano","Nasarawa","Dakata","Community Secondary School, Dakata","Male","disabled","NECO","University","19","19","10","7","7","0","1.6","0","9","4","0"
"2020/2021","North West","Kano","Nasarawa","Dakata","Community Secondary School, Dakata","Male","disabled","WAEC","University","26","26","16","6","6","0","1.6","0","10","11","0"
"2020/2021","North West","Kano","Nasarawa","Dakata","Comprehensive High School, Dakata","Female","all","NABTEB","Polytechnic","94","93","57","17","18","0","1.8","1","36","40","0"
"2020/2021","North West","Kano","Nasarawa","Dakata","Comprehensive High School, Dakata","Female","all","NECO","Polytechnic","180","177","112","27","21","6","1.8","3","65","86","6"
"2020/2021","North West","Kano","Nasarawa","Dakata","Comprehensive High School, Dakata","Female","all","WAEC","Polytechnic","245","241","137","35","31","4","1.8","4","104","103","4"
"2020/2021","North West","Kano","Nasarawa","Dakata","Comprehensive High School, Dakata","Female","disabled","NABTEB","Polytechnic","14","14","8","0","0","0","1.8","0","6","8","0"
"2020/2021","North West","Kano","Nasarawa","Dakata","Comprehensive High School, Dakata","Female","disabled","NECO","Polytechnic","23","23","14","0","0","0","1.8","0","9","14","0"
"2020/2021","North West","Kano","Nasarawa","Dakata","Comprehensive High School, Dakata","Female","disabled","WAEC","Polytechnic","34","33","19","6","6","0","1.8","1","14","13","0"
"2020/2021","North West","Kano","Nasarawa","Dakata","Comprehensive High School, Dakata","Male","all","NABTEB","Polytechnic","107","105","57","17","18","0","1.8","2","48","41","0"
"2020/2021","North West","Kano","Nasarawa","Dakata","Comprehensive High School, Dakata","Male","all","NECO","Polytechnic","184","181","112","27","21","6","1.8","3","69","86","6"
"2020/2021","North West","Kano","Nasarawa","Dakata","Comprehensive High School, Dakata","Male","all","WAEC","Polytechnic","252","248","147","40","37","3","1.8","4","101","107","3"
"2020/2021","North West","Kano","Nasarawa","Dakata","Comprehensive High School, Dakata","Male","disabled","NABTEB","Polytechnic","14","14","7","0","0","0","1.8","0","7","7","0"
"2020/2021","North West","Kano","Nasarawa","Dakata","Comprehensive High School, Dakata","Male","disabled","NECO","Polytechnic","23","23","14","0","0","0","1.8","0","9","14","0"
"2020/2021","North West","Kano","Nasarawa","Dakata","Comprehensive High School, Dakata","Male","disabled","WAEC","Polytechnic","30","30","16","6","6","0","1.8","0","14","11","0"
"2020/2021","North West","Kano","Nasarawa","Dakata","Government Secondary School, Dakata","Female","all","NABTEB","Polytechnic","178","175","116","34","27","7","1.8","3","59","82","7"
"2020/2021","North West","Kano","Nasarawa","Dakata","Government Secondary School, Dakata","Female","all","NECO","Polytechnic","331","326","190","61","55","6","1.8","5","136","129","6"
"2020/2021","North West","Kano","Nasarawa","Dakata","Government Secondary School, Dakata","Female","all","WAEC","Polytechnic","358","353","208","69","62","7","1.8","5","145","140","7"
"2020/2021","North West","Kano","Nasarawa","Dakata","Government Secondary School, Dakata","Female","disabled","NABTEB","Polytechnic","21","21","12","0","0","0","1.8","0","9","12","0"
"2020/2021","North West","Kano","Nasarawa","Dakata","Government Secondary School, Dakata","Female","disabled","NECO","Polytechnic","44","43","22","7","7","0","1.8","1","21","15","0"
"2020/2021","North West","Kano","Nasarawa","Dakata","Government Secondary School, Dakata","Female","disabled","WAEC","Polytechnic","46","45","26","6","6","0","1.8","1","19","21","0"
"2020/2021","North West","Kano","Nasarawa","Dakata","Government Secondary School, Dakata","Male","all","NABTEB","Polytechnic","195","192","124","43","35","8","1.8","3","68","82","8"
"2020/2021","North West","Kano","Nasarawa","Dakata","Government Secondary School, Dakata","Male","all","NECO","Polytechnic","381","375","232","61","55","6","1.8","6","143","172","6"
"2020/2021","North West","Kano","Nasarawa","Dakata","Government Secondary School, Dakata","Male","all","WAEC","Polytechnic","444","437","269","81","74","7","1.8","7","168","189","7"
"2020/2021","North West","Kano","Nasarawa","Dakata","Government Secondary School, Dakata","Male","disabled","NABTEB","Polytechnic","29","29","17","0","0","0","1.8","0","12","17","0"
"2020/2021","North West","Kano","Nasarawa","Dakata","Government Secondary School, Dakata","Male","disabled","NECO","Polytechnic","60","59","30","7","7","0","1.8","1","29","23","0"
"2020/2021","North West","Kano","Nasarawa","Dakata","Government Secondary School, Dakata","Male","disabled","WAEC","Polytechnic","61","60","36","12","13","0","1.8","1","24","24","0"
"2020/2021","North West","Kano","Nasarawa","Dakata","Unity College, Nasarawa","Female","all","NABTEB","College of Education","106","104","61","17","18","0","1.9","2","43","44","0"
"2020/2021","North West","Kano","Nasarawa","Dakata","Unity College, Nasarawa","Female","all","NECO","College of Education","159","157","93","27","21","6","1.8","2","64","67","6"
"2020/2021","North West","Kano","Nasarawa","Dakata","Unity College, Nasarawa","Female","all","WAEC","College of Education","202","199","124","46","43","3","1.8","3","75","79","3"
"2020/2021","North West","Kano","Nasarawa","Dakata","Unity College, Nasarawa","Female","disabled","NABTEB","College of Education","14","14","7","0","0","0","1.9","0","7","7","0"
"2020/2021","North West","Kano","Nasarawa","Dakata","Unity College, Nasarawa","Female","disabled","NECO","College of Education","15","15","7","0","0","0","1.8","0","8","7","0"
"2020/2021","North West","Kano","Nasarawa","Dakata","Unity College, Nasarawa","Female","disabled","WAEC","College of Education","15","15","10","6","6","0","1.8","0","5","4","0"
"2020/2021","North West","Kano","Nasarawa","Dakata","Unity College, Nasarawa","Male","all","NABTEB","College of Education","129","127","70","17","18","0","1.9","2","57","54","0"
"2020/2021","North West","Kano","Nasarawa","Dakata","Unity College, Nasarawa","Male","all","NECO","College of Education","199","196","119","34","28","6","1.8","3","77","85","6"
"2020/2021","North West","Kano","Nasarawa","Dakata","Unity College, Nasarawa","Male","all","WAEC","College of Education","260","256","158","46","43","3","1.8","4","98","112","3"
"2020/2021","North West","Kano","Nasarawa","Dakata","Unity College, Nasarawa","Male","disabled","NABTEB","College of Education","14","14","8","0","0","0","1.9","0","6","8","0"
"2020/2021","North West","Kano","Nasarawa","Dakata","Unity College, Nasarawa","Male","disabled","NECO","College of Education","15","15","7","0","0","0","1.8","0","8","7","0"
"2020/2021","North West","Kano","Nasarawa","Dakata","Unity College, Nasarawa","Male","disabled","WAEC","College of Education","23","23","13","0","0","0","1.8","0","10","13","0"
"2020/2021","North West","Kano","Nasarawa","Gama","Community Secondary School, Gama","Female","all","NABTEB","College of Education","86","85","48","25","26","0","1.9","1","37","23","0"
"2020/2021","North West","Kano","Nasarawa","Gama","Community Secondary School, Gama","Female","all","NECO","College of Education","140","138","86","34","28","6","1.8","2","52","52","6"
"2020/2021","North West","Kano","Nasarawa","Gama","Community Secondary School, Gama","Female","all","WAEC","College of Education","195","192","115","40","37","3","1.8","3","77","75","3"
"2020/2021","North West","Kano","Nasarawa","Gama","Community Secondary School, Gama","Female","disabled","NABTEB","College of Education","14","14","7","8","8","0","1.9","0","7","0","0"
"2020/2021","North West","Kano","Nasarawa","Gama","Community Secondary School, Gama","Female","disabled","NECO","College of Education","19","19","10","7","7","0","1.8","0","9","4","0"
"2020/2021","North West","Kano","Nasarawa","Gama","Community Secondary School, Gama","Female","disabled","WAEC","College of Education","22","22","12","6","6","0","1.8","0","10","7","0"
"2020/2021","North West","Kano","Nasarawa","Gama","Community Secondary School, Gama","Male","all","NABTEB","College of Education","87","86","49","17","18","0","1.9","1","37","32","0"
"2020/2021","North West","Kano","Nasarawa","Gama","Community Secondary School, Gama","Male","all","NECO","College of Education","155","153","97","34","28","6","1.8","2","56","64","6"
"2020/2021","North West","Kano","Nasarawa","Gama","Community Secondary School, Gama","Male","all","WAEC","College of Education","195","192","115","40","37","3","1.8","3","77","75","3"
"2020/2021","North West","Kano","Nasarawa","Gama","Community Secondary School, Gama","Male","disabled","NABTEB","College of Education","14","14","7","0","0","0","1.9","0","7","7","0"
"2020/2021","North West","Kano","Nasarawa","Gama","Community Secondary School, Gama","Male","disabled","NECO","College of Education","19","19","10","7","7","0","1.8","0","9","4","0"
"2020/2021","North West","Kano","Nasarawa","Gama","Community Secondary School, Gama","Male","disabled","WAEC","College of Education","23","23","13","6","6","0","1.8","0","10","7","0"
"2020/2021","North West","Kano","Nasarawa","Gama","Comprehensive High School, Gama","Female","all","NABTEB","College of Education","132","130","78","17","18","0","1.9","2","52","62","0"
"2020/2021","North West","Kano","Nasarawa","Gama","Comprehensive High School, Gama","Female","all","NECO","College of Education","240","236","145","47","42","5","1.8","4","91","99","5"
"2020/2021","North West","Kano","Nasarawa","Gama","Comprehensive High School, Gama","Female","all","WAEC","College of Education","319","314","188","52","43","9","1.8","5","126","137","9"
"2020/2021","North West","Kano","Nasarawa","Gama","Comprehensive High School, Gama","Female","disabled","NABTEB","College of Education","14","14","7","0","0","0","1.9","0","7","7","0"
"2020/2021","North West","Kano","Nasarawa","Gama","Comprehensive High School, Gama","Female","disabled","NECO","College of Education","19","19","10","7","7","0","1.8","0","9","4","0"
"2020/2021","North West","Kano","Nasarawa","Gama","Comprehensive High School, Gama","Female","disabled","WAEC","College of Education","23","23","13","0","0","0","1.8","0","10","13","0"
"2020/2021","North West","Kano","Nasarawa","Gama","Comprehensive High School, Gama","Male","all","NABTEB","College of Education","154","152","95","26","18","8","1.9","2","57","70","8"
"2020/2021","North West","Kano","Nasarawa","Gama","Comprehensive High School, Gama","Male","all","NECO","College of Education","272","268","149","34","28","6","1.8","4","119","116","6"
"2020/2021","North West","Kano","Nasarawa","Gama","Comprehensive High School, Gama","Male","all","WAEC","College of Education","366","361","206","58","50","8","1.8","5","155","148","8"
"2020/2021","North West","Kano","Nasarawa","Gama","Comprehensive High School, Gama","Male","disabled","NABTEB","College of Education","14","14","7","0","0","0","1.9","0","7","7","0"
"2020/2021","North West","Kano","Nasarawa","Gama","Comprehensive High School, Gama","Male","disabled","NECO","College of Education","23","23","11","0","0","0","1.8","0","12","11","0"
"2020/2021","North West","Kano","Nasarawa","Gama","Comprehensive High School, Gama","Male","disabled","WAEC","College of Education","26","26","13","6","6","0","1.8","0","13","7","0"
"2020/2021","North West","Kano","Nasarawa","Gama","Government Secondary School, Gama","Female","all","NABTEB","University","164","162","107","42","35","8","1.6","2","55","64","8"
"2020/2021","North West","Kano","Nasarawa","Gama","Government Secondary School, Gama","Female","all","NECO","University","312","307","187","61","55","6","1.6","5","120","127","6"
"2020/2021","North West","Kano","Nasarawa","Gama","Government Secondary School, Gama","Female","all","WAEC","University","390","384","229","87","74","13","1.6","6","155","142","13"
"2020/2021","North West","Kano","Nasarawa","Gama","Government Secondary School, Gama","Female","disabled","NABTEB","University","14","14","7","8","8","0","1.6","0","7","0","0"
"2020/2021","North West","Kano","Nasarawa","Gama","Government Secondary School, Gama","Female","disabled","NECO","University","27","27","18","7","7","0","1.6","0","9","12","0"
"2020/2021","North West","Kano","Nasarawa","Gama","Government Secondary School, Gama","Female","disabled","WAEC","University","39","38","20","6","6","0","1.6","1","18","14","0"
"2020/2021","North West","Kano","Nasarawa","Gama","Government Secondary School, Gama","Male","all","NABTEB","University","140","138","86","26","27","0","1.6","2","52","61","0"
"2020/2021","North West","Kano","Nasarawa","Gama","Government Secondary School, Gama","Male","all","NECO","University","299","295","187","61","48","13","1.6","4","108","126","13"
"2020/2021","North West","Kano","Nasarawa","Gama","Government Secondary School, Gama","Male","all","WAEC","University","401","395","252","87","80","7","1.6","6","143","166","7"
"2020/2021","North West","Kano","Nasarawa","Gama","Government Secondary School, Gama","Male","disabled","NABTEB","University","14","14","7","0","0","0","1.6","0","7","7","0"
"2020/2021","North West","Kano","Nasarawa","Gama","Government Secondary School, Gama","Male","disabled","NECO","University","27","27","14","7","7","0","1.6","0","13","8","0"
"2020/2021","North West","Kano","Nasarawa","Gama","Government Secondary School, Gama","Male","disabled","WAEC","University","35","34","19","6","6","0","1.6","1","15","14","0"
"2020/2021","North West","Kano","Nasarawa","Gama","Unity College, Nasarawa","Female","all","NABTEB","College of Education","91","90","57","17","18","0","1.9","1","33","41","0"
"2020/2021","North West","Kano","Nasarawa","Gama","Unity College, Nasarawa","Female","all","NECO","College of Education","155","153","93","41","35","6","1.8","2","60","53","6"
"2020/2021","North West","Kano","Nasarawa","Gama","Unity College, Nasarawa","Female","all","WAEC","College of Education","228","225","144","52","43","9","1.8","3","81","92","9"
"2020/2021","North West","Kano","Nasarawa","Gama","Unity College, Nasarawa","Female","disabled","NABTEB","College of Education","14","14","7","0","0","0","1.9","0","7","7","0"
"2020/2021","North West","Kano","Nasarawa","Gama","Unity College, Nasarawa","Female","disabled","NECO","College of Education","19","19","10","7","7","0","1.8","0","9","4","0"
"2020/2021","North West","Kano","Nasarawa","Gama","Unity College, Nasarawa","Female","disabled","WAEC","College of Education","26","26","16","6","6","0","1.8","0","10","11","0"
"2020/2021","North West","Kano","Nasarawa","Gama","Unity College, Nasarawa","Male","all","NABTEB","College of Education","94","93","57","17","18","0","1.9","1","36","40","0"
"2020/2021","North West","Kano","Nasarawa","Gama","Unity College, Nasarawa","Male","all","NECO","College of Education","167","165","104","41","35","6","1.8","2","61","64","6"
"2020/2021","North West","Kano","Nasarawa","Gama","Unity College, Nasarawa","Male","all","WAEC","College of Education","220","217","141","46","43","3","1.8","3","76","95","3"
"2020/2021","North West","Kano","Nasarawa","Gama","Unity College, Nasarawa","Male","disabled","NABTEB","College of Education","14","14","7","0","0","0","1.9","0","7","7","0"
"2020/2021","North West","Kano","Nasarawa","Gama","Unity College, Nasarawa","Male","disabled","NECO","College of Education","19","19","10","7","7","0","1.8","0","9","4","0"
"2020/2021","North West","Kano","Nasarawa","Gama","Unity College, Nasarawa","Male","disabled","WAEC","College of Education","26","26","16","6","6","0","1.8","0","10","11","0"
"2020/2021","North West","Kano","Nasarawa","Gawuna","Community Secondary School, Gawuna","Female","all","NABTEB","University","80","79","49","26","27","0","1.6","1","30","24","0"
"2020/2021","North West","Kano","Nasarawa","Gawuna","Community Secondary School, Gawuna","Female","all","NECO","University","124","122","78","34","28","6","1.6","2","44","45","6"
"2020/2021","North West","Kano","Nasarawa","Gawuna","Community Secondary School, Gawuna","Female","all","WAEC","University","179","176","107","40","37","3","1.6","3","69","68","3"
"2020/2021","North West","Kano","Nasarawa","Gawuna","Community Secondary School, Gawuna","Female","disabled","NABTEB","University","14","14","7","8","8","0","1.6","0","7","0","0"
"2020/2021","North West","Kano","Nasarawa","Gawuna","Community Secondary School, Gawuna","Female","disabled","NECO","University","15","15","10","7","7","0","1.6","0","5","4","0"
"2020/2021","North West","Kano","Nasarawa","Gawuna","Community Secondary School, Gawuna","Female","disabled","WAEC","University","23","23","14","6","6","0","1.6","0","9","8","0"
"2020/2021","North West","Kano","Nasarawa","Gawuna","Community Secondary School, Gawuna","Male","all","NABTEB","University","77","76","45","17","18","0","1.6","1","31","29","0"
"2020/2021","North West","Kano","Nasarawa","Gawuna","Community Secondary School, Gawuna","Male","all","NECO","University","127","125","82","34","28","6","1.6","2","43","49","6"
"2020/2021","North West","Kano","Nasarawa","Gawuna","Community Secondary School, Gawuna","Male","all","WAEC","University","171","168","100","35","31","4","1.6","3","68","66","4"
"2020/2021","North West","Kano","Nasarawa","Gawuna","Community Secondary School, Gawuna","Male","disabled","NABTEB","University","14","14","7","0","0","0","1.6","0","7","7","0"
"2020/2021","North West","Kano","Nasarawa","Gawuna","Community Secondary School, Gawuna","Male","disabled","NECO","University","15","15","10","7","7","0","1.6","0","5","4","0"
"2020/2021","North West","Kano","Nasarawa","Gawuna","Community Secondary School, Gawuna","Male","disabled","WAEC","University","19","19","10","6","6","0","1.6","0","9","4","0"
"2020/2021","North West","Kano","Nasarawa","Gawuna","Comprehensive High School, Gawuna","Female","all","NABTEB","Polytechnic","106","104","61","17","18","0","1.8","2","43","44","0"
"2020/2021","North West","Kano","Nasarawa","Gawuna","Comprehensive High School, Gawuna","Female","all","NECO","Polytechnic","192","189","112","34","28","6","1.8","3","77","79","6"
"2020/2021","North West","Kano","Nasarawa","Gawuna","Comprehensive High School, Gawuna","Female","all","WAEC","Polytechnic","237","233","141","46","43","3","1.8","4","92","95","3"
"2020/2021","North West","Kano","Nasarawa","Gawuna","Comprehensive High School, Gawuna","Female","disabled","NABTEB","Polytechnic","14","14","7","0","0","0","1.8","0","7","7","0"
"2020/2021","North West","Kano","Nasarawa","Gawuna","Comprehensive High School, Gawuna","Female","disabled","NECO","Polytechnic","27","27","14","7","7","0","1.8","0","13","8","0"
"2020/2021","North West","Kano","Nasarawa","Gawuna","Comprehensive High School, Gawuna","Female","disabled","WAEC","Polytechnic","35","34","19","6","6","0","1.8","1","15","14","0"
"2020/2021","North West","Kano","Nasarawa","Gawuna","Comprehensive High School, Gawuna","Male","all","NABTEB","Polytechnic","102","100","57","17","18","0","1.8","2","43","40","0"
"2020/2021","North West","Kano","Nasarawa","Gawuna","Comprehensive High School, Gawuna","Male","all","NECO","Polytechnic","195","192","112","34","28","6","1.8","3","80","78","6"
"2020/2021","North West","Kano","Nasarawa","Gawuna","Comprehensive High School, Gawuna","Male","all","WAEC","Polytechnic","237","233","147","40","37","3","1.8","4","86","107","3"
"2020/2021","North West","Kano","Nasarawa","Gawuna","Comprehensive High School, Gawuna","Male","disabled","NABTEB","Polytechnic","14","14","7","0","0","0","1.8","0","7","7","0"
"2020/2021","North West","Kano","Nasarawa","Gawuna","Comprehensive High School, Gawuna","Male","disabled","NECO","Polytechnic","27","27","14","7","7","0","1.8","0","13","8","0"
"2020/2021","North West","Kano","Nasarawa","Gawuna","Comprehensive High School, Gawuna","Male","disabled","WAEC","Polytechnic","35","34","19","6","6","0","1.8","1","15","14","0"
"2020/2021","North West","Kano","Nasarawa","Gawuna","Government Secondary School, Gawuna","Female","all","NABTEB","Polytechnic","181","178","107","26","18","8","1.8","3","71","82","8"
"2020/2021","North West","Kano","Nasarawa","Gawuna","Government Secondary School, Gawuna","Female","all","NECO","Polytechnic","344","339","194","61","48","13","1.8","5","145","134","13"
"2020/2021","North West","Kano","Nasarawa","Gawuna","Government Secondary School, Gawuna","Female","all","WAEC","Polytechnic","448","441","262","87","80","7","1.8","7","179","176","7"
"2020/2021","North West","Kano","Nasarawa","Gawuna","Government Secondary School, Gawuna","Female","disabled","NABTEB","Polytechnic","14","14","7","0","0","0","1.8","0","7","7","0"
"2020/2021","North West","Kano","Nasarawa","Gawuna","Government Secondary School, Gawuna","Female","disabled","NECO","Polytechnic","31","31","15","0","0","0","1.8","0","16","15","0"
"2020/2021","North West","Kano","Nasarawa","Gawuna","Government Secondary School, Gawuna","Female","disabled","WAEC","Polytechnic","38","37","23","6","6","0","1.8","1","14","18","0"
"2020/2021","North West","Kano","Nasarawa","Gawuna","Government Secondary School, Gawuna","Male","all","NABTEB","Polytechnic","199","196","107","34","27","7","1.8","3","89","74","7"
"2020/2021","North West","Kano","Nasarawa","Gawuna","Government Secondary School, Gawuna","Male","all","NECO","Polytechnic","331","326","179","41","35","6","1.8","5","147","138","6"
"2020/2021","North West","Kano","Nasarawa","Gawuna","Government Secondary School, Gawuna","Male","all","WAEC","Polytechnic","427","421","252","69","62","7","1.8","6","169","183","7"
"2020/2021","North West","Kano","Nasarawa","Gawuna","Government Secondary School, Gawuna","Male","disabled","NABTEB","Polytechnic","18","18","8","0","0","0","1.8","0","10","8","0"
"2020/2021","North West","Kano","Nasarawa","Gawuna","Government Secondary School, Gawuna","Male","disabled","NECO","Polytechnic","31","31","15","0","0","0","1.8","0","16","15","0"
"2020/2021","North West","Kano","Nasarawa","Gawuna","Government Secondary School, Gawuna","Male","disabled","WAEC","Polytechnic","42","41","23","6","6","0","1.8","1","18","18","0"
"2020/2021","North West","Kano","Nasarawa","Gawuna","Unity College, Nasarawa","Female","all","NABTEB","College of Education","161","159","95","42","35","8","1.9","2","64","52","8"
"2020/2021","North West","Kano","Nasarawa","Gawuna","Unity College, Nasarawa","Female","all","NECO","College of Education","299","295","175","61","48","13","1.8","4","120","114","13"
"2020/2021","North West","Kano","Nasarawa","Gawuna","Unity College, Nasarawa","Female","all","WAEC","College of Education","369","364","215","75","68","7","1.8","5","149","141","7"
"2020/2021","North West","Kano","Nasarawa","Gawuna","Unity College, Nasarawa","Female","disabled","NABTEB","College of Education","14","14","7","8","8","0","1.9","0","7","0","0"
"2020/2021","North West","Kano","Nasarawa","Gawuna","Unity College, Nasarawa","Female","disabled","NECO","College of Education","27","27","14","7","7","0","1.8","0","13","8","0"
"2020/2021","North West","Kano","Nasarawa","Gawuna","Unity College, Nasarawa","Female","disabled","WAEC","College of Education","35","34","19","6","6","0","1.8","1","15","14","0"
"2020/2021","North West","Kano","Nasarawa","Gawuna","Unity College, Nasarawa","Male","all","NABTEB","College of Education","176","173","111","34","27","7","1.9","3","62","77","7"
"2020/2021","North West","Kano","Nasarawa","Gawuna","Unity College, Nasarawa","Male","all","NECO","College of Education","364","359","209","61","55","6","1.8","5","150","149","6"
"2020/2021","North West","Kano","Nasarawa","Gawuna","Unity College, Nasarawa","Male","all","WAEC","College of Education","444","437","259","69","62","7","1.8","7","178","191","7"
"2020/2021","North West","Kano","Nasarawa","Gawuna","Unity College, Nasarawa","Male","disabled","NABTEB","College of Education","14","14","7","0","0","0","1.9","0","7","7","0"
"2020/2021","North West","Kano","Nasarawa","Gawuna","Unity College, Nasarawa","Male","disabled","NECO","College of Education","31","31","18","7","7","0","1.8","0","13","12","0"
"2020/2021","North West","Kano","Nasarawa","Gawuna","Unity College, Nasarawa","Male","disabled","WAEC","College of Education","47","46","27","6","6","0","1.8","1","19","21","0"
"2021/2022","North West","Kano","Dala","Adakawa","Community Secondary School, Adakawa","Female","all","NABTEB","University","177","174","101","25","17","8","1.4","3","73","76","8"
"2021/2022","North West","Kano","Dala","Adakawa","Community Secondary School, Adakawa","Female","all","NECO","University","334","329","200","67","55","12","1.4","5","129","134","12"
"2021/2022","North West","Kano","Dala","Adakawa","Community Secondary School, Adakawa","Female","all","WAEC","University","430","424","241","77","70","7","1.4","6","183","165","7"
"2021/2022","North West","Kano","Dala","Adakawa","Community Secondary School, Adakawa","Female","disabled","NABTEB","University","19","19","9","0","0","0","1.4","0","10","9","0"
"2021/2022","North West","Kano","Dala","Adakawa","Community Secondary School, Adakawa","Female","disabled","NECO","University","32","32","18","7","7","0","1.4","0","14","12","0"
"2021/2022","North West","Kano","Dala","Adakawa","Community Secondary School, Adakawa","Female","disabled","WAEC","University","45","44","24","6","6","0","1.4","1","20","19","0"
"2021/2022","North West","Kano","Dala","Adakawa","Community Secondary School, Adakawa","Male","all","NABTEB","University","181","178","101","25","26","0","1.4","3","77","76","0"
"2021/2022","North West","Kano","Dala","Adakawa","Community Secondary School, Adakawa","Male","all","NECO","University","366","361","220","60","55","5","1.4","5","141","160","5"
"2021/2022","North West","Kano","Dala","Adakawa","Community Secondary School, Adakawa","Male","all","WAEC","University","448","441","263","83","76","7","1.4","7","178","181","7"
"2021/2022","North West","Kano","Dala","Adakawa","Community Secondary School, Adakawa","Male","disabled","NABTEB","University","19","19","9","0","0","0","1.4","0","10","9","0"
"2021/2022","North West","Kano","Dala","Adakawa","Community Secondary School, Adakawa","Male","disabled","NECO","University","31","31","18","7","7","0","1.4","0","13","11","0"
"2021/2022","North West","Kano","Dala","Adakawa","Community Secondary School, Adakawa","Male","disabled","WAEC","University","45","44","24","6","6","0","1.4","1","20","19","0"
"2021/2022","North West","Kano","Dala","Adakawa","Comprehensive High School, Adakawa","Female","all","NABTEB","College of Education","66","65","39","9","9","0","1.7","1","26","31","0"
"2021/2022","North West","Kano","Dala","Adakawa","Comprehensive High School, Adakawa","Female","all","NECO","College of Education","104","102","61","27","28","0","1.6","2","41","35","0"
"2021/2022","North West","Kano","Dala","Adakawa","Comprehensive High School, Adakawa","Female","all","WAEC","College of Education","142","140","90","29","25","4","1.6","2","50","61","4"
"2021/2022","North West","Kano","Dala","Adakawa","Comprehensive High School, Adakawa","Female","disabled","NABTEB","College of Education","15","15","8","0","0","0","1.7","0","7","8","0"
"2021/2022","North West","Kano","Dala","Adakawa","Comprehensive High School, Adakawa","Female","disabled","NECO","College of Education","15","15","8","7","7","0","1.6","0","8","1","0"
"2021/2022","North West","Kano","Dala","Adakawa","Comprehensive High School, Adakawa","Female","disabled","WAEC","College of Education","15","15","10","6","6","0","1.6","0","5","5","0"
"2021/2022","North West","Kano","Dala","Adakawa","Comprehensive High School, Adakawa","Male","all","NABTEB","College of Education","74","73","43","8","8","0","1.7","1","30","36","0"
"2021/2022","North West","Kano","Dala","Adakawa","Comprehensive High School, Adakawa","Male","all","NECO","College of Education","129","127","73","20","14","6","1.6","2","54","54","6"
"2021/2022","North West","Kano","Dala","Adakawa","Comprehensive High School, Adakawa","Male","all","WAEC","College of Education","171","168","108","35","32","3","1.6","3","60","74","3"
"2021/2022","North West","Kano","Dala","Adakawa","Comprehensive High School, Adakawa","Male","disabled","NABTEB","College of Education","15","15","8","0","0","0","1.7","0","7","8","0"
"2021/2022","North West","Kano","Dala","Adakawa","Comprehensive High School, Adakawa","Male","disabled","NECO","College of Education","15","15","8","0","0","0","1.6","0","8","8","0"
"2021/2022","North West","Kano","Dala","Adakawa","Comprehensive High School, Adakawa","Male","disabled","WAEC","College of Education","19","19","10","5","5","0","1.6","0","9","5","0"
"2021/2022","North West","Kano","Dala","Adakawa","Government Secondary School, Adakawa","Female","all","NABTEB","College of Education","205","202","127","51","43","8","1.7","3","75","77","8"
"2021/2022","North West","Kano","Dala","Adakawa","Government Secondary School, Adakawa","Female","all","NECO","College of Education","326","321","205","74","62","12","1.6","5","116","131","12"
"2021/2022","North West","Kano","Dala","Adakawa","Government Secondary School, Adakawa","Female","all","WAEC","College of Education","535","527","335","124","114","10","1.6","8","192","212","10"
"2021/2022","North West","Kano","Dala","Adakawa","Government Secondary School, Adakawa","Female","disabled","NABTEB","College of Education","23","23","13","8","8","0","1.7","0","10","5","0"
"2021/2022","North West","Kano","Dala","Adakawa","Government Secondary School, Adakawa","Female","disabled","NECO","College of Education","41","40","22","7","7","0","1.6","1","18","16","0"
"2021/2022","North West","Kano","Dala","Adakawa","Government Secondary School, Adakawa","Female","disabled","WAEC","College of Education","62","61","35","12","13","0","1.6","1","26","24","0"
"2021/2022","North West","Kano","Dala","Adakawa","Government Secondary School, Adakawa","Male","all","NABTEB","College of Education","182","179","114","42","34","8","1.7","3","65","73","8"
"2021/2022","North West","Kano","Dala","Adakawa","Government Secondary School, Adakawa","Male","all","NECO","College of Education","338","333","208","67","55","12","1.6","5","125","142","12"
"2021/2022","North West","Kano","Dala","Adakawa","Government Secondary School, Adakawa","Male","all","WAEC","College of Education","494","487","300","106","95","11","1.6","7","187","194","11"
"2021/2022","North West","Kano","Dala","Adakawa","Government Secondary School, Adakawa","Male","disabled","NABTEB","College of Education","23","23","13","8","8","0","1.7","0","10","5","0"
"2021/2022","North West","Kano","Dala","Adakawa","Government Secondary School, Adakawa","Male","disabled","NECO","College of Education","31","31","18","7","7","0","1.6","0","13","11","0"
"2021/2022","North West","Kano","Dala","Adakawa","Government Secondary School, Adakawa","Male","disabled","WAEC","College of Education","58","57","32","6","6","0","1.6","1","25","27","0"
"2021/2022","North West","Kano","Dala","Adakawa","Unity College, Dala","Female","all","NABTEB","University","169","166","101","34","26","8","1.4","3","65","67","8"
"2021/2022","North West","Kano","Dala","Adakawa","Unity College, Dala","Female","all","NECO","University","325","320","189","74","62","12","1.4","5","131","116","12"
"2021/2022","North West","Kano","Dala","Adakawa","Unity College, Dala","Female","all","WAEC","University","431","425","264","106","101","5","1.4","6","161","158","5"
"2021/2022","North West","Kano","Dala","Adakawa","Unity College, Dala","Female","disabled","NABTEB","University","23","23","13","8","8","0","1.4","0","10","5","0"
"2021/2022","North West","Kano","Dala","Adakawa","Unity College, Dala","Female","disabled","NECO","University","41","40","22","7","7","0","1.4","1","18","16","0"
"2021/2022","North West","Kano","Dala","Adakawa","Unity College, Dala","Female","disabled","WAEC","University","54","53","28","12","13","0","1.4","1","25","17","0"
"2021/2022","North West","Kano","Dala","Adakawa","Unity College, Dala","Male","all","NABTEB","University","161","159","101","25","17","8","1.4","2","58","77","8"
"2021/2022","North West","Kano","Dala","Adakawa","Unity College, Dala","Male","all","NECO","University","330","325","201","54","48","6","1.4","5","124","147","6"
"2021/2022","North West","Kano","Dala","Adakawa","Unity College, Dala","Male","all","WAEC","University","401","395","249","71","63","8","1.4","6","146","179","8"
"2021/2022","North West","Kano","Dala","Adakawa","Unity College, Dala","Male","disabled","NABTEB","University","19","19","9","0","0","0","1.4","0","10","9","0"
"2021/2022","North West","Kano","Dala","Adakawa","Unity College, Dala","Male","disabled","NECO","University","45","44","26","7","7","0","1.4","1","18","20","0"
"2021/2022","North West","Kano","Dala","Adakawa","Unity College, Dala","Male","disabled","WAEC","University","50","49","28","6","6","0","1.4","1","21","23","0"
"2021/2022","North West","Kano","Dala","Bakin Ruwa","Community Secondary School, Bakin Ruwa","Female","all","NABTEB","College of Education","205","202","127","42","34","8","1.7","3","75","86","8"
"2021/2022","North West","Kano","Dala","Bakin Ruwa","Community Secondary School, Bakin Ruwa","Female","all","NECO","College of Education","388","382","223","81","69","12","1.6","6","159","143","12"
"2021/2022","North West","Kano","Dala","Bakin Ruwa","Community Secondary School, Bakin Ruwa","Female","all","WAEC","College of Education","484","477","281","94","82","12","1.6","7","196","187","12"
"2021/2022","North West","Kano","Dala","Bakin Ruwa","Community Secondary School, Bakin Ruwa","Female","disabled","NABTEB","College of Education","19","19","13","8","9","0","1.7","0","6","5","0"
"2021/2022","North West","Kano","Dala","Bakin Ruwa","Community Secondary School, Bakin Ruwa","Female","disabled","NECO","College of Education","37","36","22","7","7","0","1.6","1","14","16","0"
"2021/2022","North West","Kano","Dala","Bakin Ruwa","Community Secondary School, Bakin Ruwa","Female","disabled","WAEC","College of Education","49","48","28","6","6","0","1.6","1","20","22","0"
"2021/2022","North West","Kano","Dala","Bakin Ruwa","Community Secondary School, Bakin Ruwa","Male","all","NABTEB","College of Education","189","186","105","25","26","0","1.7","3","81","81","0"
"2021/2022","North West","Kano","Dala","Bakin Ruwa","Community Secondary School, Bakin Ruwa","Male","all","NECO","College of Education","339","334","213","60","48","12","1.6","5","121","153","12"
"2021/2022","North West","Kano","Dala","Bakin Ruwa","Community Secondary School, Bakin Ruwa","Male","all","WAEC","College of Education","494","487","307","82","70","12","1.6","7","180","225","12"
"2021/2022","North West","Kano","Dala","Bakin Ruwa","Community Secondary School, Bakin Ruwa","Male","disabled","NABTEB","College of Education","19","19","9","0","0","0","1.7","0","10","9","0"
"2021/2022","North West","Kano","Dala","Bakin Ruwa","Community Secondary School, Bakin Ruwa","Male","disabled","NECO","College of Education","37","36","22","7","7","0","1.6","1","14","16","0"
"2021/2022","North West","Kano","Dala","Bakin Ruwa","Community Secondary School, Bakin Ruwa","Male","disabled","WAEC","College of Education","50","49","29","6","6","0","1.6","1","20","23","0"
"2021/2022","North West","Kano","Dala","Bakin Ruwa","Comprehensive High School, Bakin Ruwa","Female","all","NABTEB","College of Education","102","100","65","34","34","0","1.7","2","35","32","0"
"2021/2022","North West","Kano","Dala","Bakin Ruwa","Comprehensive High School, Bakin Ruwa","Female","all","NECO","College of Education","205","202","139","54","48","6","1.6","3","63","85","6"
"2021/2022","North West","Kano","Dala","Bakin Ruwa","Comprehensive High School, Bakin Ruwa","Female","all","WAEC","College of Education","267","263","165","65","57","8","1.6","4","98","101","8"
"2021/2022","North West","Kano","Dala","Bakin Ruwa","Comprehensive High School, Bakin Ruwa","Female","disabled","NABTEB","College of Education","15","15","8","8","8","0","1.7","0","7","1","0"
"2021/2022","North West","Kano","Dala","Bakin Ruwa","Comprehensive High School, Bakin Ruwa","Female","disabled","NECO","College of Education","27","27","18","7","7","0","1.6","0","9","11","0"
"2021/2022","North West","Kano","Dala","Bakin Ruwa","Comprehensive High School, Bakin Ruwa","Female","disabled","WAEC","College of Education","37","36","21","6","6","0","1.6","1","15","16","0"
"2021/2022","North West","Kano","Dala","Bakin Ruwa","Comprehensive High School, Bakin Ruwa","Male","all","NABTEB","College of Education","122","120","79","34","26","8","1.7","2","41","46","8"
"2021/2022","North West","Kano","Dala","Bakin Ruwa","Comprehensive High School, Bakin Ruwa","Male","all","NECO","College of Education","238","234","142","47","41","6","1.6","4","92","96","6"
"2021/2022","North West","Kano","Dala","Bakin Ruwa","Comprehensive High School, Bakin Ruwa","Male","all","WAEC","College of Education","292","288","191","65","57","8","1.6","4","97","127","8"
"2021/2022","North West","Kano","Dala","Bakin Ruwa","Comprehensive High School, Bakin Ruwa","Male","disabled","NABTEB","College of Education","19","19","13","8","9","0","1.7","0","6","5","0"
"2021/2022","North West","Kano","Dala","Bakin Ruwa","Comprehensive High School, Bakin Ruwa","Male","disabled","NECO","College of Education","32","32","18","7","7","0","1.6","0","14","12","0"
"2021/2022","North West","Kano","Dala","Bakin Ruwa","Comprehensive High School, Bakin Ruwa","Male","disabled","WAEC","College of Education","41","40","24","6","6","0","1.6","1","16","19","0"
"2021/2022","North West","Kano","Dala","Bakin Ruwa","Government Secondary School, Bakin Ruwa","Female","all","NABTEB","College of Education","137","135","87","34","34","0","1.7","2","48","53","0"
"2021/2022","North West","Kano","Dala","Bakin Ruwa","Government Secondary School, Bakin Ruwa","Female","all","NECO","College of Education","270","266","165","60","55","5","1.6","4","101","105","5"
"2021/2022","North West","Kano","Dala","Bakin Ruwa","Government Secondary School, Bakin Ruwa","Female","all","WAEC","College of Education","372","366","249","88","82","6","1.6","6","117","162","6"
"2021/2022","North West","Kano","Dala","Bakin Ruwa","Government Secondary School, Bakin Ruwa","Female","disabled","NABTEB","College of Education","15","15","8","8","8","0","1.7","0","7","0","0"
"2021/2022","North West","Kano","Dala","Bakin Ruwa","Government Secondary School, Bakin Ruwa","Female","disabled","NECO","College of Education","23","23","14","6","6","0","1.6","0","9","7","0"
"2021/2022","North West","Kano","Dala","Bakin Ruwa","Government Secondary School, Bakin Ruwa","Female","disabled","WAEC","College of Education","31","31","21","6","6","0","1.6","0","10","15","0"
"2021/2022","North West","Kano","Dala","Bakin Ruwa","Government Secondary School, Bakin Ruwa","Male","all","NABTEB","College of Education","161","159","101","34","26","8","1.7","2","58","68","8"
"2021/2022","North West","Kano","Dala","Bakin Ruwa","Government Secondary School, Bakin Ruwa","Male","all","NECO","College of Education","350","345","212","67","55","12","1.6","5","133","146","12"
"2021/2022","North West","Kano","Dala","Bakin Ruwa","Government Secondary School, Bakin Ruwa","Male","all","WAEC","College of Education","448","441","281","94","89","5","1.6","7","160","188","5"
"2021/2022","North West","Kano","Dala","Bakin Ruwa","Government Secondary School, Bakin Ruwa","Male","disabled","NABTEB","College of Education","15","15","8","8","8","0","1.7","0","7","1","0"
"2021/2022","North West","Kano","Dala","Bakin Ruwa","Government Secondary School, Bakin Ruwa","Male","disabled","NECO","College of Education","32","32","18","7","7","0","1.6","0","14","12","0"
"2021/2022","North West","Kano","Dala","Bakin Ruwa","Government Secondary School, Bakin Ruwa","Male","disabled","WAEC","College of Education","41","40","24","6","6","0","1.6","1","16","19","0"
"2021/2022","North West","Kano","Dala","Bakin Ruwa","Unity College, Dala","Female","all","NABTEB","University","78","77","48","25","26","0","1.4","1","29","24","0"
"2021/2022","North West","Kano","Dala","Bakin Ruwa","Unity College, Dala","Female","all","NECO","University","142","140","85","34","28","6","1.4","2","55","51","6"
"2021/2022","North West","Kano","Dala","Bakin Ruwa","Unity College, Dala","Female","all","WAEC","University","197","194","123","47","44","3","1.4","3","71","76","3"
"2021/2022","North West","Kano","Dala","Bakin Ruwa","Unity College, Dala","Female","disabled","NABTEB","University","15","15","8","8","8","0","1.4","0","7","0","0"
"2021/2022","North West","Kano","Dala","Bakin Ruwa","Unity College, Dala","Female","disabled","NECO","University","19","19","11","6","6","0","1.4","0","8","5","0"
"2021/2022","North West","Kano","Dala","Bakin Ruwa","Unity College, Dala","Female","disabled","WAEC","University","27","27","17","6","6","0","1.4","0","10","11","0"
"2021/2022","North West","Kano","Dala","Bakin Ruwa","Unity College, Dala","Male","all","NABTEB","University","81","80","48","17","17","0","1.4","1","32","31","0"
"2021/2022","North West","Kano","Dala","Bakin Ruwa","Unity College, Dala","Male","all","NECO","University","145","143","92","33","28","5","1.4","2","51","60","5"
"2021/2022","North West","Kano","Dala","Bakin Ruwa","Unity College, Dala","Male","all","WAEC","University","193","190","119","41","38","3","1.4","3","71","78","3"
"2021/2022","North West","Kano","Dala","Bakin Ruwa","Unity College, Dala","Male","disabled","NABTEB","University","15","15","8","0","0","0","1.4","0","7","8","0"
"2021/2022","North West","Kano","Dala","Bakin Ruwa","Unity College, Dala","Male","disabled","NECO","University","19","19","11","6","6","0","1.4","0","8","5","0"
"2021/2022","North West","Kano","Dala","Bakin Ruwa","Unity College, Dala","Male","disabled","WAEC","University","27","27","17","6","6","0","1.4","0","10","11","0"
"2021/2022","North West","Kano","Dala","Dala","Community Secondary School, Dala","Female","all","NABTEB","Polytechnic","133","131","74","17","17","0","1.6","2","57","57","0"
"2021/2022","North West","Kano","Dala","Dala","Community Secondary School, Dala","Female","all","NECO","Polytechnic","292","288","162","47","41","6","1.5","4","126","115","6"
"2021/2022","North West","Kano","Dala","Dala","Community Secondary School, Dala","Female","all","WAEC","Polytechnic","384","378","223","59","51","8","1.5","6","155","164","8"
"2021/2022","North West","Kano","Dala","Dala","Community Secondary School, Dala","Female","disabled","NABTEB","Polytechnic","15","15","8","0","0","0","1.6","0","7","8","0"
"2021/2022","North West","Kano","Dala","Dala","Community Secondary School, Dala","Female","disabled","NECO","Polytechnic","31","31","14","7","7","0","1.5","0","17","8","0"
"2021/2022","North West","Kano","Dala","Dala","Community Secondary School, Dala","Female","disabled","WAEC","Polytechnic","37","36","18","0","0","0","1.5","1","18","18","0"
"2021/2022","North West","Kano","Dala","Dala","Community Secondary School, Dala","Male","all","NABTEB","Polytechnic","140","138","83","17","17","0","1.6","2","55","66","0"
"2021/2022","North West","Kano","Dala","Dala","Community Secondary School, Dala","Male","all","NECO","Polytechnic","296","292","170","40","35","5","1.5","4","122","130","5"
"2021/2022","North West","Kano","Dala","Dala","Community Secondary School, Dala","Male","all","WAEC","Polytechnic","372","366","216","59","51","8","1.5","6","150","158","8"
"2021/2022","North West","Kano","Dala","Dala","Community Secondary School, Dala","Male","disabled","NABTEB","Polytechnic","15","15","8","0","0","0","1.6","0","7","8","0"
"2021/2022","North West","Kano","Dala","Dala","Community Secondary School, Dala","Male","disabled","NECO","Polytechnic","32","32","18","0","0","0","1.5","0","14","18","0"
"2021/2022","North West","Kano","Dala","Dala","Community Secondary School, Dala","Male","disabled","WAEC","Polytechnic","41","40","21","6","6","0","1.5","1","19","16","0"
"2021/2022","North West","Kano","Dala","Dala","Comprehensive High School, Dala","Female","all","NABTEB","College of Education","102","100","61","17","17","0","1.7","2","39","45","0"
"2021/2022","North West","Kano","Dala","Dala","Comprehensive High School, Dala","Female","all","NECO","College of Education","162","160","92","20","14","6","1.6","2","68","73","6"
"2021/2022","North West","Kano","Dala","Dala","Comprehensive High School, Dala","Female","all","WAEC","College of Education","221","218","126","41","38","3","1.6","3","92","86","3"
"2021/2022","North West","Kano","Dala","Dala","Comprehensive High School, Dala","Female","disabled","NABTEB","College of Education","15","15","8","0","0","0","1.7","0","7","8","0"
"2021/2022","North West","Kano","Dala","Dala","Comprehensive High School, Dala","Female","disabled","NECO","College of Education","15","15","8","0","0","0","1.6","0","8","8","0"
"2021/2022","North West","Kano","Dala","Dala","Comprehensive High School, Dala","Female","disabled","WAEC","College of Education","23","23","13","0","0","0","1.6","0","10","13","0"
"2021/2022","North West","Kano","Dala","Dala","Comprehensive High School, Dala","Male","all","NABTEB","College of Education","114","112","65","17","17","0","1.7","2","47","49","0"
"2021/2022","North West","Kano","Dala","Dala","Comprehensive High School, Dala","Male","all","NECO","College of Education","197","194","108","20","21","0","1.6","3","86","88","0"
"2021/2022","North West","Kano","Dala","Dala","Comprehensive High School, Dala","Male","all","WAEC","College of Education","284","280","162","47","44","3","1.6","4","118","116","3"
"2021/2022","North West","Kano","Dala","Dala","Comprehensive High School, Dala","Male","disabled","NABTEB","College of Education","15","15","8","0","0","0","1.7","0","7","8","0"
"2021/2022","North West","Kano","Dala","Dala","Comprehensive High School, Dala","Male","disabled","NECO","College of Education","19","19","11","0","0","0","1.6","0","8","11","0"
"2021/2022","North West","Kano","Dala","Dala","Comprehensive High School, Dala","Male","disabled","WAEC","College of Education","27","27","17","6","7","0","1.6","0","10","11","0"
"2021/2022","North West","Kano","Dala","Dala","Government Secondary School, Dala","Female","all","NABTEB","University","137","135","83","25","17","8","1.4","2","52","58","8"
"2021/2022","North West","Kano","Dala","Dala","Government Secondary School, Dala","Female","all","NECO","University","225","222","135","33","28","5","1.4","3","87","102","5"
"2021/2022","North West","Kano","Dala","Dala","Government Secondary School, Dala","Female","all","WAEC","University","322","317","194","71","63","8","1.4","5","123","124","8"
"2021/2022","North West","Kano","Dala","Dala","Government Secondary School, Dala","Female","disabled","NABTEB","University","15","15","8","0","0","0","1.4","0","7","8","0"
"2021/2022","North West","Kano","Dala","Dala","Government Secondary School, Dala","Female","disabled","NECO","University","27","27","14","0","0","0","1.4","0","13","14","0"
"2021/2022","North West","Kano","Dala","Dala","Government Secondary School, Dala","Female","disabled","WAEC","University","32","32","17","6","6","0","1.4","0","15","12","0"
"2021/2022","North West","Kano","Dala","Dala","Government Secondary School, Dala","Male","all","NABTEB","University","177","174","105","25","17","8","1.4","3","69","80","8"
"2021/2022","North West","Kano","Dala","Dala","Government Secondary School, Dala","Male","all","NECO","University","292","288","182","60","48","12","1.4","4","106","122","12"
"2021/2022","North West","Kano","Dala","Dala","Government Secondary School, Dala","Male","all","WAEC","University","385","379","223","71","63","8","1.4","6","156","153","8"
"2021/2022","North West","Kano","Dala","Dala","Government Secondary School, Dala","Male","disabled","NABTEB","University","23","23","13","0","0","0","1.4","0","10","13","0"
"2021/2022","North West","Kano","Dala","Dala","Government Secondary School, Dala","Male","disabled","NECO","University","37","36","22","7","7","0","1.4","1","14","16","0"
"2021/2022","North West","Kano","Dala","Dala","Government Secondary School, Dala","Male","disabled","WAEC","University","45","44","28","6","7","0","1.4","1","16","22","0"
"2021/2022","North West","Kano","Dala","Dala","Unity College, Dala","Female","all","NABTEB","University","117","115","79","41","33","8","1.4","2","36","37","8"
"2021/2022","North West","Kano","Dala","Dala","Unity College, Dala","Female","all","NECO","University","233","230","146","54","48","6","1.4","3","84","93","6"
"2021/2022","North West","Kano","Dala","Dala","Unity College, Dala","Female","all","WAEC","University","318","313","205","71","63","8","1.4","5","108","135","8"
"2021/2022","North West","Kano","Dala","Dala","Unity College, Dala","Female","disabled","NABTEB","University","15","15","8","8","8","0","1.4","0","7","1","0"
"2021/2022","North West","Kano","Dala","Dala","Unity College, Dala","Female","disabled","NECO","University","27","27","14","7","7","0","1.4","0","13","7","0"
"2021/2022","North West","Kano","Dala","Dala","Unity College, Dala","Female","disabled","WAEC","University","41","40","24","6","7","0","1.4","1","16","19","0"
"2021/2022","North West","Kano","Dala","Dala","Unity College, Dala","Male","all","NABTEB","University","160","158","96","34","34","0","1.4","2","62","62","0"
"2021/2022","North West","Kano","Dala","Dala","Unity College, Dala","Male","all","NECO","University","310","305","190","60","48","12","1.4","5","115","130","12"
"2021/2022","North West","Kano","Dala","Dala","Unity College, Dala","Male","all","WAEC","University","392","386","238","88","82","6","1.4","6","148","150","6"
"2021/2022","North West","Kano","Dala","Dala","Unity College, Dala","Male","disabled","NABTEB","University","19","19","13","9","8","1","1.4","0","6","4","1"
"2021/2022","North West","Kano","Dala","Dala","Unity College, Dala","Male","disabled","NECO","University","37","36","22","7","7","0","1.4","1","14","16","0"
"2021/2022","North West","Kano","Dala","Dala","Unity College, Dala","Male","disabled","WAEC","University","50","49","29","12","13","0","1.4","1","20","17","0"
"2021/2022","North West","Kano","Fagge","Fagge A","Community Secondary School, Fagge A","Female","all","NABTEB","College of Education","133","131","79","25","26","0","1.7","2","52","54","0"
"2021/2022","North West","Kano","Fagge","Fagge A","Community Secondary School, Fagge A","Female","all","NECO","College of Education","251","247","151","33","28","5","1.6","4","96","118","5"
"2021/2022","North West","Kano","Fagge","Fagge A","Community Secondary School, Fagge A","Female","all","WAEC","College of Education","326","321","194","65","57","8","1.6","5","127","130","8"
"2021/2022","North West","Kano","Fagge","Fagge A","Community Secondary School, Fagge A","Female","disabled","NABTEB","College of Education","15","15","8","0","0","0","1.7","0","7","8","0"
"2021/2022","North West","Kano","Fagge","Fagge A","Community Secondary School, Fagge A","Female","disabled","NECO","College of Education","31","31","18","0","0","0","1.6","0","13","18","0"
"2021/2022","North West","Kano","Fagge","Fagge A","Community Secondary School, Fagge A","Female","disabled","WAEC","College of Education","45","44","24","6","6","0","1.6","1","20","19","0"
"2021/2022","North West","Kano","Fagge","Fagge A","Community Secondary School, Fagge A","Male","all","NABTEB","College of Education","137","135","83","17","17","0","1.7","2","52","66","0"
"2021/2022","North West","Kano","Fagge","Fagge A","Community Secondary School, Fagge A","Male","all","NECO","College of Education","258","254","146","33","28","5","1.6","4","108","114","5"
"2021/2022","North West","Kano","Fagge","Fagge A","Community Secondary School, Fagge A","Male","all","WAEC","College of Education","339","334","192","53","51","2","1.6","5","142","139","2"
"2021/2022","North West","Kano","Fagge","Fagge A","Community Secondary School, Fagge A","Male","disabled","NABTEB","College of Education","15","15","8","0","0","0","1.7","0","7","8","0"
"2021/2022","North West","Kano","Fagge","Fagge A","Community Secondary School, Fagge A","Male","disabled","NECO","College of Education","31","31","14","0","0","0","1.6","0","17","14","0"
"2021/2022","North West","Kano","Fagge","Fagge A","Community Secondary School, Fagge A","Male","disabled","WAEC","College of Education","45","44","24","6","6","0","1.6","1","20","19","0"
"2021/2022","North West","Kano","Fagge","Fagge A","Comprehensive High School, Fagge A","Female","all","NABTEB","Polytechnic","78","77","48","25","26","0","1.6","1","29","24","0"
"2021/2022","North West","Kano","Fagge","Fagge A","Comprehensive High School, Fagge A","Female","all","NECO","Polytechnic","142","140","89","33","28","5","1.5","2","51","56","5"
"2021/2022","North West","Kano","Fagge","Fagge A","Comprehensive High School, Fagge A","Female","all","WAEC","Polytechnic","180","177","119","53","44","9","1.5","3","58","66","9"
"2021/2022","North West","Kano","Fagge","Fagge A","Comprehensive High School, Fagge A","Female","disabled","NABTEB","Polytechnic","15","15","8","8","8","1","1.6","0","7","0","1"
"2021/2022","North West","Kano","Fagge","Fagge A","Comprehensive High School, Fagge A","Female","disabled","NECO","Polytechnic","15","15","11","7","7","0","1.5","0","4","5","0"
"2021/2022","North West","Kano","Fagge","Fagge A","Comprehensive High School, Fagge A","Female","disabled","WAEC","Polytechnic","15","15","10","6","6","0","1.5","0","5","5","0"
"2021/2022","North West","Kano","Fagge","Fagge A","Comprehensive High School, Fagge A","Male","all","NABTEB","Polytechnic","86","85","56","17","17","0","1.6","1","29","40","0"
"2021/2022","North West","Kano","Fagge","Fagge A","Comprehensive High School, Fagge A","Male","all","NECO","Polytechnic","166","164","107","40","35","5","1.5","2","57","68","5"
"2021/2022","North West","Kano","Fagge","Fagge A","Comprehensive High School, Fagge A","Male","all","WAEC","Polytechnic","229","226","147","53","44","9","1.5","3","79","95","9"
"2021/2022","North West","Kano","Fagge","Fagge A","Comprehensive High School, Fagge A","Male","disabled","NABTEB","Polytechnic","15","15","8","0","0","0","1.6","0","7","8","0"
"2021/2022","North West","Kano","Fagge","Fagge A","Comprehensive High School, Fagge A","Male","disabled","NECO","Polytechnic","15","15","11","7","7","0","1.5","0","4","5","0"
"2021/2022","North West","Kano","Fagge","Fagge A","Comprehensive High School, Fagge A","Male","disabled","WAEC","Polytechnic","19","19","13","5","5","0","1.5","0","6","7","0"
"2021/2022","North West","Kano","Fagge","Fagge A","Government Secondary School, Fagge A","Female","all","NABTEB","University","201","198","127","51","43","8","1.4","3","71","77","8"
"2021/2022","North West","Kano","Fagge","Fagge A","Government Secondary School, Fagge A","Female","all","NECO","University","404","398","262","100","90","11","1.4","6","136","161","11"
"2021/2022","North West","Kano","Fagge","Fagge A","Government Secondary School, Fagge A","Female","all","WAEC","University","455","448","274","100","89","11","1.4","7","174","174","11"
"2021/2022","North West","Kano","Fagge","Fagge A","Government Secondary School, Fagge A","Female","disabled","NABTEB","University","27","27","13","8","8","0","1.4","0","14","5","0"
"2021/2022","North West","Kano","Fagge","Fagge A","Government Secondary School, Fagge A","Female","disabled","NECO","University","41","40","26","7","7","0","1.4","1","14","20","0"
"2021/2022","North West","Kano","Fagge","Fagge A","Government Secondary School, Fagge A","Female","disabled","WAEC","University","53","52","32","12","13","0","1.4","1","20","20","0"
"2021/2022","North West","Kano","Fagge","Fagge A","Government Secondary School, Fagge A","Male","all","NABTEB","University","204","201","123","50","43","8","1.4","3","78","72","8"
"2021/2022","North West","Kano","Fagge","Fagge A","Government Secondary School, Fagge A","Male","all","NECO","University","392","386","239","81","69","12","1.4","6","147","159","12"
"2021/2022","North West","Kano","Fagge","Fagge A","Government Secondary School, Fagge A","Male","all","WAEC","University","460","453","296","106","95","11","1.4","7","157","191","11"
"2021/2022","North West","Kano","Fagge","Fagge A","Government Secondary School, Fagge A","Male","disabled","NABTEB","University","23","23","13","9","8","1","1.4","0","10","4","1"
"2021/2022","North West","Kano","Fagge","Fagge A","Government Secondary School, Fagge A","Male","disabled","NECO","University","41","40","26","7","7","0","1.4","1","14","20","0"
"2021/2022","North West","Kano","Fagge","Fagge A","Government Secondary School, Fagge A","Male","disabled","WAEC","University","49","48","28","6","6","0","1.4","1","20","23","0"
"2021/2022","North West","Kano","Fagge","Fagge A","Unity College, Fagge","Female","all","NABTEB","University","141","139","87","34","34","0","1.4","2","52","54","0"
"2021/2022","North West","Kano","Fagge","Fagge A","Unity College, Fagge","Female","all","NECO","University","259","255","162","60","55","5","1.4","4","93","102","5"
"2021/2022","North West","Kano","Fagge","Fagge A","Unity College, Fagge","Female","all","WAEC","University","326","321","202","77","70","7","1.4","5","119","126","7"
"2021/2022","North West","Kano","Fagge","Fagge A","Unity College, Fagge","Female","disabled","NABTEB","University","19","19","13","9","8","1","1.4","0","6","4","1"
"2021/2022","North West","Kano","Fagge","Fagge A","Unity College, Fagge","Female","disabled","NECO","University","31","31","18","7","7","0","1.4","0","13","11","0"
"2021/2022","North West","Kano","Fagge","Fagge A","Unity College, Fagge","Female","disabled","WAEC","University","45","44","24","6","6","0","1.4","1","20","19","0"
"2021/2022","North West","Kano","Fagge","Fagge A","Unity College, Fagge","Male","all","NABTEB","University","125","123","74","25","26","0","1.4","2","49","49","0"
"2021/2022","North West","Kano","Fagge","Fagge A","Unity College, Fagge","Male","all","NECO","University","263","259","165","47","41","6","1.4","4","94","119","6"
"2021/2022","North West","Kano","Fagge","Fagge A","Unity College, Fagge","Male","all","WAEC","University","331","326","195","65","57","8","1.4","5","131","130","8"
"2021/2022","North West","Kano","Fagge","Fagge A","Unity College, Fagge","Male","disabled","NABTEB","University","19","19","13","9","8","1","1.4","0","6","4","1"
"2021/2022","North West","Kano","Fagge","Fagge A","Unity College, Fagge","Male","disabled","NECO","University","32","32","18","0","0","0","1.4","0","14","18","0"
"2021/2022","North West","Kano","Fagge","Fagge A","Unity College, Fagge","Male","disabled","WAEC","University","45","44","24","6","6","0","1.4","1","20","19","0"
"2021/2022","North West","Kano","Fagge","Fagge B","Community Secondary School, Fagge B","Female","all","NABTEB","Polytechnic","133","131","83","25","26","0","1.6","2","48","58","0"
"2021/2022","North West","Kano","Fagge","Fagge B","Community Secondary School, Fagge B","Female","all","NECO","Polytechnic","246","242","150","47","41","6","1.5","4","92","104","6"
"2021/2022","North West","Kano","Fagge","Fagge B","Community Secondary School, Fagge B","Female","all","WAEC","Polytechnic","322","317","191","71","63","8","1.5","5","126","121","8"
"2021/2022","North West","Kano","Fagge","Fagge B","Community Secondary School, Fagge B","Female","disabled","NABTEB","Polytechnic","15","15","8","0","0","0","1.6","0","7","8","0"
"2021/2022","North West","Kano","Fagge","Fagge B","Community Secondary School, Fagge B","Female","disabled","NECO","Polytechnic","27","27","14","0","0","0","1.5","0","13","14","0"
"2021/2022","North West","Kano","Fagge","Fagge B","Community Secondary School, Fagge B","Female","disabled","WAEC","Polytechnic","37","36","21","6","6","0","1.5","1","15","16","0"
"2021/2022","North West","Kano","Fagge","Fagge B","Community Secondary School, Fagge B","Male","all","NABTEB","Polytechnic","153","151","96","25","26","0","1.6","2","55","72","0"
"2021/2022","North West","Kano","Fagge","Fagge B","Community Secondary School, Fagge B","Male","all","NECO","Polytechnic","275","271","161","54","48","6","1.5","4","110","108","6"
"2021/2022","North West","Kano","Fagge","Fagge B","Community Secondary School, Fagge B","Male","all","WAEC","Polytechnic","359","354","223","71","63","8","1.5","5","131","153","8"
"2021/2022","North West","Kano","Fagge","Fagge B","Community Secondary School, Fagge B","Male","disabled","NABTEB","Polytechnic","19","19","13","0","0","0","1.6","0","6","13","0"
"2021/2022","North West","Kano","Fagge","Fagge B","Community Secondary School, Fagge B","Male","disabled","NECO","Polytechnic","32","32","18","7","7","0","1.5","0","14","12","0"
"2021/2022","North West","Kano","Fagge","Fagge B","Community Secondary School, Fagge B","Male","disabled","WAEC","Polytechnic","45","44","24","6","7","0","1.5","1","20","19","0"
"2021/2022","North West","Kano","Fagge","Fagge B","Comprehensive High School, Fagge B","Female","all","NABTEB","College of Education","85","84","57","24","25","0","1.7","1","27","32","0"
"2021/2022","North West","Kano","Fagge","Fagge B","Comprehensive High School, Fagge B","Female","all","NECO","College of Education","150","148","101","47","41","6","1.6","2","47","54","6"
"2021/2022","North West","Kano","Fagge","Fagge B","Comprehensive High School, Fagge B","Female","all","WAEC","College of Education","197","194","127","53","51","2","1.6","3","67","74","2"
"2021/2022","North West","Kano","Fagge","Fagge B","Comprehensive High School, Fagge B","Female","disabled","NABTEB","College of Education","15","15","8","8","8","0","1.7","0","7","0","0"
"2021/2022","North West","Kano","Fagge","Fagge B","Comprehensive High School, Fagge B","Female","disabled","NECO","College of Education","15","15","11","7","7","0","1.6","0","4","5","0"
"2021/2022","North West","Kano","Fagge","Fagge B","Comprehensive High School, Fagge B","Female","disabled","WAEC","College of Education","19","19","10","5","5","0","1.6","0","9","5","0"
"2021/2022","North West","Kano","Fagge","Fagge B","Comprehensive High School, Fagge B","Male","all","NABTEB","College of Education","93","92","61","17","17","0","1.7","1","31","44","0"
"2021/2022","North West","Kano","Fagge","Fagge B","Comprehensive High School, Fagge B","Male","all","NECO","College of Education","176","173","112","47","41","6","1.6","3","61","65","6"
"2021/2022","North West","Kano","Fagge","Fagge B","Comprehensive High School, Fagge B","Male","all","WAEC","College of Education","217","214","140","53","51","2","1.6","3","74","88","2"
"2021/2022","North West","Kano","Fagge","Fagge B","Comprehensive High School, Fagge B","Male","disabled","NABTEB","College of Education","15","15","8","0","0","0","1.7","0","7","8","0"
"2021/2022","North West","Kano","Fagge","Fagge B","Comprehensive High School, Fagge B","Male","disabled","NECO","College of Education","19","19","11","6","6","0","1.6","0","8","5","0"
"2021/2022","North West","Kano","Fagge","Fagge B","Comprehensive High School, Fagge B","Male","disabled","WAEC","College of Education","23","23","13","6","6","0","1.6","0","10","7","0"
"2021/2022","North West","Kano","Fagge","Fagge B","Government Secondary School, Fagge B","Female","all","NABTEB","Polytechnic","110","108","65","17","17","0","1.6","2","43","49","0"
"2021/2022","North West","Kano","Fagge","Fagge B","Government Secondary School, Fagge B","Female","all","NECO","Polytechnic","192","189","116","33","28","5","1.5","3","73","83","5"
"2021/2022","North West","Kano","Fagge","Fagge B","Government Secondary School, Fagge B","Female","all","WAEC","Polytechnic","247","243","152","41","38","3","1.5","4","91","111","3"
"2021/2022","North West","Kano","Fagge","Fagge B","Government Secondary School, Fagge B","Female","disabled","NABTEB","Polytechnic","15","15","8","0","0","0","1.6","0","7","8","0"
"2021/2022","North West","Kano","Fagge","Fagge B","Government Secondary School, Fagge B","Female","disabled","NECO","Polytechnic","19","19","11","0","0","0","1.5","0","8","11","0"
"2021/2022","North West","Kano","Fagge","Fagge B","Government Secondary School, Fagge B","Female","disabled","WAEC","Polytechnic","23","23","13","6","6","0","1.5","0","10","7","0"
"2021/2022","North West","Kano","Fagge","Fagge B","Government Secondary School, Fagge B","Male","all","NABTEB","Polytechnic","106","104","61","17","17","0","1.6","2","43","45","0"
"2021/2022","North West","Kano","Fagge","Fagge B","Government Secondary School, Fagge B","Male","all","NECO","Polytechnic","180","177","104","27","21","6","1.5","3","73","77","6"
"2021/2022","North West","Kano","Fagge","Fagge B","Government Secondary School, Fagge B","Male","all","WAEC","Polytechnic","242","238","140","41","38","3","1.5","4","98","100","3"
"2021/2022","North West","Kano","Fagge","Fagge B","Government Secondary School, Fagge B","Male","disabled","NABTEB","Polytechnic","15","15","8","0","0","0","1.6","0","7","8","0"
"2021/2022","North West","Kano","Fagge","Fagge B","Government Secondary School, Fagge B","Male","disabled","NECO","Polytechnic","15","15","8","0","0","0","1.5","0","8","8","0"
"2021/2022","North West","Kano","Fagge","Fagge B","Government Secondary School, Fagge B","Male","disabled","WAEC","Polytechnic","19","19","10","5","5","0","1.5","0","9","5","0"
"2021/2022","North West","Kano","Fagge","Fagge B","Unity College, Fagge","Female","all","NABTEB","University","114","112","70","34","26","8","1.4","2","42","37","8"
"2021/2022","North West","Kano","Fagge","Fagge B","Unity College, Fagge","Female","all","NECO","University","254","250","161","67","55","12","1.4","4","89","95","12"
"2021/2022","North West","Kano","Fagge","Fagge B","Unity College, Fagge","Female","all","WAEC","University","306","301","184","71","63","8","1.4","5","117","113","8"
"2021/2022","North West","Kano","Fagge","Fagge B","Unity College, Fagge","Female","disabled","NABTEB","University","15","15","8","8","8","0","1.4","0","7","0","0"
"2021/2022","North West","Kano","Fagge","Fagge B","Unity College, Fagge","Female","disabled","NECO","University","23","23","14","6","6","0","1.4","0","9","7","0"
"2021/2022","North West","Kano","Fagge","Fagge B","Unity College, Fagge","Female","disabled","WAEC","University","27","27","17","6","6","0","1.4","0","10","11","0"
"2021/2022","North West","Kano","Fagge","Fagge B","Unity College, Fagge","Male","all","NABTEB","University","103","101","62","25","26","0","1.4","2","39","37","0"
"2021/2022","North West","Kano","Fagge","Fagge B","Unity College, Fagge","Male","all","NECO","University","246","242","161","60","55","5","1.4","4","81","102","5"
"2021/2022","North West","Kano","Fagge","Fagge B","Unity College, Fagge","Male","all","WAEC","University","268","264","174","71","63","8","1.4","4","90","103","8"
"2021/2022","North West","Kano","Fagge","Fagge B","Unity College, Fagge","Male","disabled","NABTEB","University","15","15","8","8","8","0","1.4","0","7","0","0"
"2021/2022","North West","Kano","Fagge","Fagge B","Unity College, Fagge","Male","disabled","NECO","University","23","23","14","6","6","0","1.4","0","9","7","0"
"2021/2022","North West","Kano","Fagge","Fagge B","Unity College, Fagge","Male","disabled","WAEC","University","27","27","17","6","6","0","1.4","0","10","11","0"
"2021/2022","North West","Kano","Fagge","Fagge C","Community Secondary School, Fagge C","Female","all","NABTEB","University","170","167","110","51","43","8","1.4","3","57","60","8"
"2021/2022","North West","Kano","Fagge","Fagge C","Community Secondary School, Fagge C","Female","all","NECO","University","330","325","209","87","76","11","1.4","5","116","122","11"
"2021/2022","North West","Kano","Fagge","Fagge C","Community Secondary School, Fagge C","Female","all","WAEC","University","417","411","267","100","89","11","1.4","6","144","167","11"
"2021/2022","North West","Kano","Fagge","Fagge C","Community Secondary School, Fagge C","Female","disabled","NABTEB","University","19","19","13","9","9","0","1.4","0","6","4","0"
"2021/2022","North West","Kano","Fagge","Fagge C","Community Secondary School, Fagge C","Female","disabled","NECO","University","37","36","22","7","7","0","1.4","1","14","16","0"
"2021/2022","North West","Kano","Fagge","Fagge C","Community Secondary School, Fagge C","Female","disabled","WAEC","University","45","44","28","6","7","0","1.4","1","16","22","0"
"2021/2022","North West","Kano","Fagge","Fagge C","Community Secondary School, Fagge C","Male","all","NABTEB","University","181","178","114","42","34","8","1.4","3","64","72","8"
"2021/2022","North West","Kano","Fagge","Fagge C","Community Secondary School, Fagge C","Male","all","NECO","University","363","358","224","81","69","12","1.4","5","134","143","12"
"2021/2022","North West","Kano","Fagge","Fagge C","Community Secondary School, Fagge C","Male","all","WAEC","University","444","437","293","112","101","11","1.4","7","144","181","11"
"2021/2022","North West","Kano","Fagge","Fagge C","Community Secondary School, Fagge C","Male","disabled","NABTEB","University","19","19","13","9","9","0","1.4","0","6","4","0"
"2021/2022","North West","Kano","Fagge","Fagge C","Community Secondary School, Fagge C","Male","disabled","NECO","University","37","36","22","7","7","0","1.4","1","14","16","0"
"2021/2022","North West","Kano","Fagge","Fagge C","Community Secondary School, Fagge C","Male","disabled","WAEC","University","45","44","28","6","6","0","1.4","1","16","22","0"
"2021/2022","North West","Kano","Fagge","Fagge C","Comprehensive High School, Fagge C","Female","all","NABTEB","College of Education","164","162","96","25","17","8","1.7","2","66","71","8"
"2021/2022","North West","Kano","Fagge","Fagge C","Comprehensive High School, Fagge C","Female","all","NECO","College of Education","309","304","177","54","48","6","1.6","5","127","124","6"
"2021/2022","North West","Kano","Fagge","Fagge C","Comprehensive High School, Fagge C","Female","all","WAEC","College of Education","413","407","245","77","70","7","1.6","6","162","168","7"
"2021/2022","North West","Kano","Fagge","Fagge C","Comprehensive High School, Fagge C","Female","disabled","NABTEB","College of Education","19","19","13","0","0","0","1.7","0","6","13","0"
"2021/2022","North West","Kano","Fagge","Fagge C","Comprehensive High School, Fagge C","Female","disabled","NECO","College of Education","37","36","22","7","7","0","1.6","1","14","16","0"
"2021/2022","North West","Kano","Fagge","Fagge C","Comprehensive High School, Fagge C","Female","disabled","WAEC","College of Education","45","44","24","6","6","0","1.6","1","20","19","0"
"2021/2022","North West","Kano","Fagge","Fagge C","Comprehensive High School, Fagge C","Male","all","NABTEB","College of Education","190","187","111","25","26","0","1.7","3","76","86","0"
"2021/2022","North West","Kano","Fagge","Fagge C","Comprehensive High School, Fagge C","Male","all","NECO","College of Education","351","346","205","54","48","6","1.6","5","141","151","6"
"2021/2022","North West","Kano","Fagge","Fagge C","Comprehensive High School, Fagge C","Male","all","WAEC","College of Education","463","456","267","77","70","7","1.6","7","189","190","7"
"2021/2022","North West","Kano","Fagge","Fagge C","Comprehensive High School, Fagge C","Male","disabled","NABTEB","College of Education","19","19","9","0","0","0","1.7","0","10","9","0"
"2021/2022","North West","Kano","Fagge","Fagge C","Comprehensive High School, Fagge C","Male","disabled","NECO","College of Education","41","40","22","0","0","0","1.6","1","18","22","0"
"2021/2022","North West","Kano","Fagge","Fagge C","Comprehensive High School, Fagge C","Male","disabled","WAEC","College of Education","54","53","28","6","6","0","1.6","1","25","23","0"
"2021/2022","North West","Kano","Fagge","Fagge C","Government Secondary School, Fagge C","Female","all","NABTEB","Polytechnic","161","159","92","25","17","8","1.6","2","67","68","8"
"2021/2022","North West","Kano","Fagge","Fagge C","Government Secondary School, Fagge C","Female","all","NECO","Polytechnic","275","271","169","47","41","6","1.5","4","102","123","6"
"2021/2022","North West","Kano","Fagge","Fagge C","Government Secondary School, Fagge C","Female","all","WAEC","Polytechnic","355","350","205","65","57","8","1.5","5","145","141","8"
"2021/2022","North West","Kano","Fagge","Fagge C","Government Secondary School, Fagge C","Female","disabled","NABTEB","Polytechnic","19","19","13","0","0","0","1.6","0","6","13","0"
"2021/2022","North West","Kano","Fagge","Fagge C","Government Secondary School, Fagge C","Female","disabled","NECO","Polytechnic","31","31","18","7","7","0","1.5","0","13","11","0"
"2021/2022","North West","Kano","Fagge","Fagge C","Government Secondary School, Fagge C","Female","disabled","WAEC","Polytechnic","45","44","24","6","6","0","1.5","1","20","19","0"
"2021/2022","North West","Kano","Fagge","Fagge C","Government Secondary School, Fagge C","Male","all","NABTEB","Polytechnic","161","159","96","25","17","8","1.6","2","63","72","8"
"2021/2022","North West","Kano","Fagge","Fagge C","Government Secondary School, Fagge C","Male","all","NECO","Polytechnic","254","250","150","47","41","6","1.5","4","100","104","6"
"2021/2022","North West","Kano","Fagge","Fagge C","Government Secondary School, Fagge C","Male","all","WAEC","Polytechnic","351","346","202","59","51","8","1.5","5","144","144","8"
"2021/2022","North West","Kano","Fagge","Fagge C","Government Secondary School, Fagge C","Male","disabled","NABTEB","Polytechnic","19","19","13","0","0","0","1.6","0","6","13","0"
"2021/2022","North West","Kano","Fagge","Fagge C","Government Secondary School, Fagge C","Male","disabled","NECO","Polytechnic","32","32","18","7","7","0","1.5","0","14","12","0"
"2021/2022","North West","Kano","Fagge","Fagge C","Government Secondary School, Fagge C","Male","disabled","WAEC","Polytechnic","41","40","24","6","6","0","1.5","1","16","19","0"
"2021/2022","North West","Kano","Fagge","Fagge C","Unity College, Fagge","Female","all","NABTEB","University","82","81","52","25","26","0","1.4","1","29","28","0"
"2021/2022","North West","Kano","Fagge","Fagge C","Unity College, Fagge","Female","all","NECO","University","133","131","80","33","28","5","1.4","2","51","48","5"
"2021/2022","North West","Kano","Fagge","Fagge C","Unity College, Fagge","Female","all","WAEC","University","162","160","104","41","38","3","1.4","2","56","64","3"
"2021/2022","North West","Kano","Fagge","Fagge C","Unity College, Fagge","Female","disabled","NABTEB","University","15","15","8","8","8","0","1.4","0","7","0","0"
"2021/2022","North West","Kano","Fagge","Fagge C","Unity College, Fagge","Female","disabled","NECO","University","15","15","8","7","7","0","1.4","0","8","1","0"
"2021/2022","North West","Kano","Fagge","Fagge C","Unity College, Fagge","Female","disabled","WAEC","University","19","19","13","5","6","0","1.4","0","6","7","0"
"2021/2022","North West","Kano","Fagge","Fagge C","Unity College, Fagge","Male","all","NABTEB","University","86","85","56","25","26","0","1.4","1","29","32","0"
"2021/2022","North West","Kano","Fagge","Fagge C","Unity College, Fagge","Male","all","NECO","University","133","131","80","33","28","5","1.4","2","51","48","5"
"2021/2022","North West","Kano","Fagge","Fagge C","Unity College, Fagge","Male","all","WAEC","University","197","194","123","47","44","3","1.4","3","71","76","3"
"2021/2022","North West","Kano","Fagge","Fagge C","Unity College, Fagge","Male","disabled","NABTEB","University","15","15","8","8","8","0","1.4","0","7","1","0"
"2021/2022","North West","Kano","Fagge","Fagge C","Unity College, Fagge","Male","disabled","NECO","University","15","15","8","7","7","0","1.4","0","8","1","0"
"2021/2022","North West","Kano","Fagge","Fagge C","Unity College, Fagge","Male","disabled","WAEC","University","19","19","10","5","6","0","1.4","0","9","5","0"
"2021/2022","North West","Kano","Gwale","Dandago","Community Secondary School, Dandago","Female","all","NABTEB","University","145","143","96","25","17","8","1.4","2","47","72","8"
"2021/2022","North West","Kano","Gwale","Dandago","Community Secondary School, Dandago","Female","all","NECO","University","288","284","178","67","55","12","1.4","4","106","111","12"
"2021/2022","North West","Kano","Gwale","Dandago","Community Secondary School, Dandago","Female","all","WAEC","University","355","350","223","83","76","7","1.4","5","127","141","7"
"2021/2022","North West","Kano","Gwale","Dandago","Community Secondary School, Dandago","Female","disabled","NABTEB","University","15","15","8","0","0","0","1.4","0","7","8","0"
"2021/2022","North West","Kano","Gwale","Dandago","Community Secondary School, Dandago","Female","disabled","NECO","University","27","27","18","7","7","0","1.4","0","9","11","0"
"2021/2022","North West","Kano","Gwale","Dandago","Community Secondary School, Dandago","Female","disabled","WAEC","University","37","36","21","6","7","0","1.4","1","15","16","0"
"2021/2022","North West","Kano","Gwale","Dandago","Community Secondary School, Dandago","Male","all","NABTEB","University","161","159","96","25","17","8","1.4","2","63","72","8"
"2021/2022","North West","Kano","Gwale","Dandago","Community Secondary School, Dandago","Male","all","NECO","University","306","301","178","54","48","6","1.4","5","123","124","6"
"2021/2022","North West","Kano","Gwale","Dandago","Community Secondary School, Dandago","Male","all","WAEC","University","355","350","212","59","51","8","1.4","5","138","154","8"
"2021/2022","North West","Kano","Gwale","Dandago","Community Secondary School, Dandago","Male","disabled","NABTEB","University","15","15","8","0","0","0","1.4","0","7","8","0"
"2021/2022","North West","Kano","Gwale","Dandago","Community Secondary School, Dandago","Male","disabled","NECO","University","31","31","18","7","7","0","1.4","0","13","11","0"
"2021/2022","North West","Kano","Gwale","Dandago","Community Secondary School, Dandago","Male","disabled","WAEC","University","41","40","21","0","0","0","1.4","1","19","21","0"
"2021/2022","North West","Kano","Gwale","Dandago","Comprehensive High School, Dandago","Female","all","NABTEB","College of Education","189","186","127","59","51","8","1.7","3","59","69","8"
"2021/2022","North West","Kano","Gwale","Dandago","Comprehensive High School, Dandago","Female","all","NECO","College of Education","330","325","213","87","76","11","1.6","5","112","126","11"
"2021/2022","North West","Kano","Gwale","Dandago","Comprehensive High School, Dandago","Female","all","WAEC","College of Education","465","458","286","106","95","11","1.6","7","172","180","11"
"2021/2022","North West","Kano","Gwale","Dandago","Comprehensive High School, Dandago","Female","disabled","NABTEB","College of Education","23","23","13","9","8","1","1.7","0","10","4","1"
"2021/2022","North West","Kano","Gwale","Dandago","Comprehensive High School, Dandago","Female","disabled","NECO","College of Education","41","40","26","7","7","0","1.6","1","14","20","0"
"2021/2022","North West","Kano","Gwale","Dandago","Comprehensive High School, Dandago","Female","disabled","WAEC","College of Education","58","57","35","12","13","0","1.6","1","22","24","0"
"2021/2022","North West","Kano","Gwale","Dandago","Comprehensive High School, Dandago","Male","all","NABTEB","College of Education","244","240","163","59","51","8","1.7","4","77","104","8"
"2021/2022","North West","Kano","Gwale","Dandago","Comprehensive High School, Dandago","Male","all","NECO","College of Education","388","382","239","74","62","12","1.6","6","143","166","12"
"2021/2022","North West","Kano","Gwale","Dandago","Comprehensive High School, Dandago","Male","all","WAEC","College of Education","553","545","354","124","114","10","1.6","8","191","230","10"
"2021/2022","North West","Kano","Gwale","Dandago","Comprehensive High School, Dandago","Male","disabled","NABTEB","College of Education","31","31","22","9","9","0","1.7","0","9","13","0"
"2021/2022","North West","Kano","Gwale","Dandago","Comprehensive High School, Dandago","Male","disabled","NECO","College of Education","53","52","30","7","7","0","1.6","1","22","23","0"
"2021/2022","North West","Kano","Gwale","Dandago","Comprehensive High School, Dandago","Male","disabled","WAEC","College of Education","66","65","39","12","13","0","1.6","1","26","28","0"
"2021/2022","North West","Kano","Gwale","Dandago","Government Secondary School, Dandago","Female","all","NABTEB","University","165","163","110","42","34","8","1.4","2","53","69","8"
"2021/2022","North West","Kano","Gwale","Dandago","Government Secondary School, Dandago","Female","all","NECO","University","309","304","192","74","62","12","1.4","5","112","119","12"
"2021/2022","North West","Kano","Gwale","Dandago","Government Secondary School, Dandago","Female","all","WAEC","University","409","403","241","82","76","6","1.4","6","162","160","6"
"2021/2022","North West","Kano","Gwale","Dandago","Government Secondary School, Dandago","Female","disabled","NABTEB","University","19","19","13","9","9","0","1.4","0","6","4","0"
"2021/2022","North West","Kano","Gwale","Dandago","Government Secondary School, Dandago","Female","disabled","NECO","University","32","32","18","7","7","0","1.4","0","14","12","0"
"2021/2022","North West","Kano","Gwale","Dandago","Government Secondary School, Dandago","Female","disabled","WAEC","University","45","44","24","6","7","0","1.4","1","20","19","0"
"2021/2022","North West","Kano","Gwale","Dandago","Government Secondary School, Dandago","Male","all","NABTEB","University","209","206","123","51","43","8","1.4","3","83","73","8"
"2021/2022","North West","Kano","Gwale","Dandago","Government Secondary School, Dandago","Male","all","NECO","University","392","386","258","87","76","11","1.4","6","128","172","11"
"2021/2022","North West","Kano","Gwale","Dandago","Government Secondary School, Dandago","Male","all","WAEC","University","489","482","314","106","95","11","1.4","7","168","209","11"
"2021/2022","North West","Kano","Gwale","Dandago","Government Secondary School, Dandago","Male","disabled","NABTEB","University","23","23","13","8","9","0","1.4","0","10","5","0"
"2021/2022","North West","Kano","Gwale","Dandago","Government Secondary School, Dandago","Male","disabled","NECO","University","41","40","26","7","7","0","1.4","1","14","20","0"
"2021/2022","North West","Kano","Gwale","Dandago","Government Secondary School, Dandago","Male","disabled","WAEC","University","58","57","32","12","13","0","1.4","1","25","21","0"
"2021/2022","North West","Kano","Gwale","Dandago","Unity College, Gwale","Female","all","NABTEB","Polytechnic","133","131","74","25","17","8","1.6","2","57","49","8"
"2021/2022","North West","Kano","Gwale","Dandago","Unity College, Gwale","Female","all","NECO","Polytechnic","271","267","161","54","41","13","1.5","4","106","108","13"
"2021/2022","North West","Kano","Gwale","Dandago","Unity College, Gwale","Female","all","WAEC","Polytechnic","327","322","199","59","57","2","1.5","5","123","140","2"
"2021/2022","North West","Kano","Gwale","Dandago","Unity College, Gwale","Female","disabled","NABTEB","Polytechnic","15","15","8","0","0","0","1.6","0","7","8","0"
"2021/2022","North West","Kano","Gwale","Dandago","Unity College, Gwale","Female","disabled","NECO","Polytechnic","27","27","15","0","0","0","1.5","0","12","15","0"
"2021/2022","North West","Kano","Gwale","Dandago","Unity College, Gwale","Female","disabled","WAEC","Polytechnic","41","40","24","6","7","0","1.5","1","16","19","0"
"2021/2022","North West","Kano","Gwale","Dandago","Unity College, Gwale","Male","all","NABTEB","Polytechnic","161","159","96","34","26","8","1.6","2","63","63","8"
"2021/2022","North West","Kano","Gwale","Dandago","Unity College, Gwale","Male","all","NECO","Polytechnic","288","284","170","54","48","6","1.5","4","114","116","6"
"2021/2022","North West","Kano","Gwale","Dandago","Unity College, Gwale","Male","all","WAEC","Polytechnic","355","350","205","59","51","8","1.5","5","145","147","8"
"2021/2022","North West","Kano","Gwale","Dandago","Unity College, Gwale","Male","disabled","NABTEB","Polytechnic","19","19","13","8","9","0","1.6","0","6","5","0"
"2021/2022","North West","Kano","Gwale","Dandago","Unity College, Gwale","Male","disabled","NECO","Polytechnic","37","36","22","7","7","0","1.5","1","14","16","0"
"2021/2022","North West","Kano","Gwale","Dandago","Unity College, Gwale","Male","disabled","WAEC","Polytechnic","45","44","24","6","7","0","1.5","1","20","19","0"
"2021/2022","North West","Kano","Gwale","Diso","Community Secondary School, Diso","Female","all","NABTEB","University","106","104","61","17","17","0","1.4","2","43","45","0"
"2021/2022","North West","Kano","Gwale","Diso","Community Secondary School, Diso","Female","all","NECO","University","192","189","124","47","41","6","1.4","3","65","77","6"
"2021/2022","North West","Kano","Gwale","Diso","Community Secondary School, Diso","Female","all","WAEC","University","268","264","163","65","57","8","1.4","4","101","98","8"
"2021/2022","North West","Kano","Gwale","Diso","Community Secondary School, Diso","Female","disabled","NABTEB","University","15","15","8","0","0","0","1.4","0","7","8","0"
"2021/2022","North West","Kano","Gwale","Diso","Community Secondary School, Diso","Female","disabled","NECO","University","15","15","8","7","7","0","1.4","0","8","1","0"
"2021/2022","North West","Kano","Gwale","Diso","Community Secondary School, Diso","Female","disabled","WAEC","University","23","23","13","6","6","0","1.4","0","10","7","0"
"2021/2022","North West","Kano","Gwale","Diso","Community Secondary School, Diso","Male","all","NABTEB","University","110","108","70","17","17","0","1.4","2","38","54","0"
"2021/2022","North West","Kano","Gwale","Diso","Community Secondary School, Diso","Male","all","NECO","University","175","172","107","40","35","5","1.4","3","65","68","5"
"2021/2022","North West","Kano","Gwale","Diso","Community Secondary School, Diso","Male","all","WAEC","University","263","259","165","59","51","8","1.4","4","94","107","8"
"2021/2022","North West","Kano","Gwale","Diso","Community Secondary School, Diso","Male","disabled","NABTEB","University","15","15","8","0","0","0","1.4","0","7","8","0"
"2021/2022","North West","Kano","Gwale","Diso","Community Secondary School, Diso","Male","disabled","NECO","University","15","15","8","7","7","0","1.4","0","8","1","0"
"2021/2022","North West","Kano","Gwale","Diso","Community Secondary School, Diso","Male","disabled","WAEC","University","23","23","13","6","6","0","1.4","0","10","7","0"
"2021/2022","North West","Kano","Gwale","Diso","Comprehensive High School, Diso","Female","all","NABTEB","Polytechnic","106","104","65","25","26","0","1.6","2","39","41","0"
"2021/2022","North West","Kano","Gwale","Diso","Comprehensive High School, Diso","Female","all","NECO","Polytechnic","176","173","112","40","35","5","1.5","3","61","72","5"
"2021/2022","North West","Kano","Gwale","Diso","Comprehensive High School, Diso","Female","all","WAEC","Polytechnic","272","268","163","59","51","8","1.5","4","105","104","8"
"2021/2022","North West","Kano","Gwale","Diso","Comprehensive High School, Diso","Female","disabled","NABTEB","Polytechnic","15","15","8","8","8","0","1.6","0","7","0","0"
"2021/2022","North West","Kano","Gwale","Diso","Comprehensive High School, Diso","Female","disabled","NECO","Polytechnic","23","23","15","6","6","0","1.5","0","8","8","0"
"2021/2022","North West","Kano","Gwale","Diso","Comprehensive High School, Diso","Female","disabled","WAEC","Polytechnic","32","32","21","6","6","0","1.5","0","11","16","0"
"2021/2022","North West","Kano","Gwale","Diso","Comprehensive High School, Diso","Male","all","NABTEB","Polytechnic","133","131","83","25","17","8","1.6","2","48","58","8"
"2021/2022","North West","Kano","Gwale","Diso","Comprehensive High School, Diso","Male","all","NECO","Polytechnic","229","226","138","34","28","6","1.5","3","88","105","6"
"2021/2022","North West","Kano","Gwale","Diso","Comprehensive High School, Diso","Male","all","WAEC","Polytechnic","330","325","205","59","57","2","1.5","5","120","147","2"
"2021/2022","North West","Kano","Gwale","Diso","Comprehensive High School, Diso","Male","disabled","NABTEB","Polytechnic","15","15","8","0","0","0","1.6","0","7","8","0"
"2021/2022","North West","Kano","Gwale","Diso","Comprehensive High School, Diso","Male","disabled","NECO","Polytechnic","31","31","18","0","0","0","1.5","0","13","18","0"
"2021/2022","North West","Kano","Gwale","Diso","Comprehensive High School, Diso","Male","disabled","WAEC","Polytechnic","41","40","21","6","7","0","1.5","1","19","16","0"
"2021/2022","North West","Kano","Gwale","Diso","Government Secondary School, Diso","Female","all","NABTEB","University","94","93","57","17","17","0","1.4","1","36","41","0"
"2021/2022","North West","Kano","Gwale","Diso","Government Secondary School, Diso","Female","all","NECO","University","180","177","104","34","28","6","1.4","3","73","70","6"
"2021/2022","North West","Kano","Gwale","Diso","Government Secondary School, Diso","Female","all","WAEC","University","197","194","119","41","38","3","1.4","3","75","78","3"
"2021/2022","North West","Kano","Gwale","Diso","Government Secondary School, Diso","Female","disabled","NABTEB","University","15","15","8","0","0","0","1.4","0","7","8","0"
"2021/2022","North West","Kano","Gwale","Diso","Government Secondary School, Diso","Female","disabled","NECO","University","23","23","14","0","0","0","1.4","0","9","14","0"
"2021/2022","North West","Kano","Gwale","Diso","Government Secondary School, Diso","Female","disabled","WAEC","University","23","23","13","6","6","0","1.4","0","10","7","0"
"2021/2022","North West","Kano","Gwale","Diso","Government Secondary School, Diso","Male","all","NABTEB","University","110","108","65","17","17","0","1.4","2","43","49","0"
"2021/2022","North West","Kano","Gwale","Diso","Government Secondary School, Diso","Male","all","NECO","University","197","194","116","34","28","6","1.4","3","78","82","6"
"2021/2022","North West","Kano","Gwale","Diso","Government Secondary School, Diso","Male","all","WAEC","University","238","234","136","47","44","3","1.4","4","98","90","3"
"2021/2022","North West","Kano","Gwale","Diso","Government Secondary School, Diso","Male","disabled","NABTEB","University","15","15","8","0","0","0","1.4","0","7","8","0"
"2021/2022","North West","Kano","Gwale","Diso","Government Secondary School, Diso","Male","disabled","NECO","University","23","23","14","6","6","0","1.4","0","9","7","0"
"2021/2022","North West","Kano","Gwale","Diso","Government Secondary School, Diso","Male","disabled","WAEC","University","27","27","14","6","6","0","1.4","0","13","8","0"
"2021/2022","North West","Kano","Gwale","Diso","Unity College, Gwale","Female","all","NABTEB","Polytechnic","181","178","118","50","43","8","1.6","3","60","67","8"
"2021/2022","North West","Kano","Gwale","Diso","Unity College, Gwale","Female","all","NECO","Polytechnic","322","317","205","74","62","12","1.5","5","112","131","12"
"2021/2022","North West","Kano","Gwale","Diso","Unity College, Gwale","Female","all","WAEC","Polytechnic","482","475","300","112","101","11","1.5","7","175","188","11"
"2021/2022","North West","Kano","Gwale","Diso","Unity College, Gwale","Female","disabled","NABTEB","Polytechnic","19","19","13","9","9","0","1.6","0","6","4","0"
"2021/2022","North West","Kano","Gwale","Diso","Unity College, Gwale","Female","disabled","NECO","Polytechnic","27","27","18","7","7","0","1.5","0","9","11","0"
"2021/2022","North West","Kano","Gwale","Diso","Unity College, Gwale","Female","disabled","WAEC","Polytechnic","49","48","28","6","6","0","1.5","1","20","23","0"
"2021/2022","North West","Kano","Gwale","Diso","Unity College, Gwale","Male","all","NABTEB","Polytechnic","193","190","118","34","26","8","1.6","3","72","85","8"
"2021/2022","North West","Kano","Gwale","Diso","Unity College, Gwale","Male","all","NECO","Polytechnic","342","337","220","67","55","12","1.5","5","117","154","12"
"2021/2022","North West","Kano","Gwale","Diso","Unity College, Gwale","Male","all","WAEC","Polytechnic","528","520","333","106","95","11","1.5","8","187","227","11"
"2021/2022","North West","Kano","Gwale","Diso","Unity College, Gwale","Male","disabled","NABTEB","Polytechnic","15","15","8","0","0","0","1.6","0","7","8","0"
"2021/2022","North West","Kano","Gwale","Diso","Unity College, Gwale","Male","disabled","NECO","Polytechnic","32","32","18","7","7","0","1.5","0","14","12","0"
"2021/2022","North West","Kano","Gwale","Diso","Unity College, Gwale","Male","disabled","WAEC","Polytechnic","45","44","24","6","6","0","1.5","1","20","19","0"
"2021/2022","North West","Kano","Gwale","Dorayi","Community Secondary School, Dorayi","Female","all","NABTEB","Polytechnic","165","163","105","51","43","8","1.6","2","58","55","8"
"2021/2022","North West","Kano","Gwale","Dorayi","Community Secondary School, Dorayi","Female","all","NECO","Polytechnic","322","317","197","67","55","12","1.5","5","120","130","12"
"2021/2022","North West","Kano","Gwale","Dorayi","Community Secondary School, Dorayi","Female","all","WAEC","Polytechnic","419","413","260","100","89","11","1.5","6","153","160","11"
"2021/2022","North West","Kano","Gwale","Dorayi","Community Secondary School, Dorayi","Female","disabled","NABTEB","Polytechnic","15","15","8","8","8","0","1.6","0","7","0","0"
"2021/2022","North West","Kano","Gwale","Dorayi","Community Secondary School, Dorayi","Female","disabled","NECO","Polytechnic","32","32","18","7","7","0","1.5","0","14","12","0"
"2021/2022","North West","Kano","Gwale","Dorayi","Community Secondary School, Dorayi","Female","disabled","WAEC","Polytechnic","37","36","21","6","6","0","1.5","1","15","16","0"
"2021/2022","North West","Kano","Gwale","Dorayi","Community Secondary School, Dorayi","Male","all","NABTEB","Polytechnic","149","147","101","34","26","8","1.6","2","46","68","8"
"2021/2022","North West","Kano","Gwale","Dorayi","Community Secondary School, Dorayi","Male","all","NECO","Polytechnic","292","288","190","67","55","12","1.5","4","98","123","12"
"2021/2022","North West","Kano","Gwale","Dorayi","Community Secondary School, Dorayi","Male","all","WAEC","Polytechnic","418","412","252","77","70","7","1.5","6","160","176","7"
"2021/2022","North West","Kano","Gwale","Dorayi","Community Secondary School, Dorayi","Male","disabled","NABTEB","Polytechnic","15","15","8","0","0","0","1.6","0","7","8","0"
"2021/2022","North West","Kano","Gwale","Dorayi","Community Secondary School, Dorayi","Male","disabled","NECO","Polytechnic","32","32","18","7","7","0","1.5","0","14","12","0"
"2021/2022","North West","Kano","Gwale","Dorayi","Community Secondary School, Dorayi","Male","disabled","WAEC","Polytechnic","41","40","24","6","6","0","1.5","1","16","19","0"
"2021/2022","North West","Kano","Gwale","Dorayi","Comprehensive High School, Dorayi","Female","all","NABTEB","College of Education","82","81","52","25","26","0","1.7","1","29","28","0"
"2021/2022","North West","Kano","Gwale","Dorayi","Comprehensive High School, Dorayi","Female","all","NECO","College of Education","138","136","85","33","28","5","1.6","2","51","52","5"
"2021/2022","North West","Kano","Gwale","Dorayi","Comprehensive High School, Dorayi","Female","all","WAEC","College of Education","162","160","104","47","44","3","1.6","2","56","58","3"
"2021/2022","North West","Kano","Gwale","Dorayi","Comprehensive High School, Dorayi","Female","disabled","NABTEB","College of Education","15","15","8","8","8","0","1.7","0","7","0","0"
"2021/2022","North West","Kano","Gwale","Dorayi","Comprehensive High School, Dorayi","Female","disabled","NECO","College of Education","15","15","8","7","7","0","1.6","0","8","1","0"
"2021/2022","North West","Kano","Gwale","Dorayi","Comprehensive High School, Dorayi","Female","disabled","WAEC","College of Education","15","15","10","6","6","0","1.6","0","5","5","0"
"2021/2022","North West","Kano","Gwale","Dorayi","Comprehensive High School, Dorayi","Male","all","NABTEB","College of Education","94","93","57","17","17","0","1.7","1","36","41","0"
"2021/2022","North West","Kano","Gwale","Dorayi","Comprehensive High School, Dorayi","Male","all","NECO","College of Education","145","143","92","27","28","0","1.6","2","51","66","0"
"2021/2022","North West","Kano","Gwale","Dorayi","Comprehensive High School, Dorayi","Male","all","WAEC","College of Education","213","210","134","47","44","3","1.6","3","76","87","3"
"2021/2022","North West","Kano","Gwale","Dorayi","Comprehensive High School, Dorayi","Male","disabled","NABTEB","College of Education","15","15","8","0","0","0","1.7","0","7","8","0"
"2021/2022","North West","Kano","Gwale","Dorayi","Comprehensive High School, Dorayi","Male","disabled","NECO","College of Education","15","15","11","7","7","0","1.6","0","4","5","0"
"2021/2022","North West","Kano","Gwale","Dorayi","Comprehensive High School, Dorayi","Male","disabled","WAEC","College of Education","15","15","10","6","6","0","1.6","0","5","5","0"
"2021/2022","North West","Kano","Gwale","Dorayi","Government Secondary School, Dorayi","Female","all","NABTEB","College of Education","98","97","65","34","26","8","1.7","1","32","32","8"
"2021/2022","North West","Kano","Gwale","Dorayi","Government Secondary School, Dorayi","Female","all","NECO","College of Education","158","156","96","40","35","5","1.6","2","60","57","5"
"2021/2022","North West","Kano","Gwale","Dorayi","Government Secondary School, Dorayi","Female","all","WAEC","College of Education","193","190","116","47","44","3","1.6","3","74","69","3"
"2021/2022","North West","Kano","Gwale","Dorayi","Government Secondary School, Dorayi","Female","disabled","NABTEB","College of Education","15","15","8","8","8","0","1.7","0","7","0","0"
"2021/2022","North West","Kano","Gwale","Dorayi","Government Secondary School, Dorayi","Female","disabled","NECO","College of Education","19","19","11","6","6","0","1.6","0","8","5","0"
"2021/2022","North West","Kano","Gwale","Dorayi","Government Secondary School, Dorayi","Female","disabled","WAEC","College of Education","23","23","13","6","6","0","1.6","0","10","7","0"
"2021/2022","North West","Kano","Gwale","Dorayi","Government Secondary School, Dorayi","Male","all","NABTEB","College of Education","94","93","61","25","26","0","1.7","1","32","37","0"
"2021/2022","North West","Kano","Gwale","Dorayi","Government Secondary School, Dorayi","Male","all","NECO","College of Education","176","173","116","47","41","6","1.6","3","57","69","6"
"2021/2022","North West","Kano","Gwale","Dorayi","Government Secondary School, Dorayi","Male","all","WAEC","College of Education","209","206","134","47","44","3","1.6","3","72","87","3"
"2021/2022","North West","Kano","Gwale","Dorayi","Government Secondary School, Dorayi","Male","disabled","NABTEB","College of Education","15","15","8","8","8","0","1.7","0","7","0","0"
"2021/2022","North West","Kano","Gwale","Dorayi","Government Secondary School, Dorayi","Male","disabled","NECO","College of Education","19","19","11","6","6","0","1.6","0","8","5","0"
"2021/2022","North West","Kano","Gwale","Dorayi","Government Secondary School, Dorayi","Male","disabled","WAEC","College of Education","23","23","13","6","6","0","1.6","0","10","7","0"
"2021/2022","North West","Kano","Gwale","Dorayi","Unity College, Gwale","Female","all","NABTEB","Polytechnic","122","120","74","42","34","8","1.6","2","46","33","8"
"2021/2022","North West","Kano","Gwale","Dorayi","Unity College, Gwale","Female","all","NECO","Polytechnic","213","210","143","60","48","12","1.5","3","67","83","12"
"2021/2022","North West","Kano","Gwale","Dorayi","Unity College, Gwale","Female","all","WAEC","Polytechnic","323","318","199","83","76","7","1.5","5","119","116","7"
"2021/2022","North West","Kano","Gwale","Dorayi","Unity College, Gwale","Female","disabled","NABTEB","Polytechnic","15","15","8","8","8","0","1.6","0","7","0","0"
"2021/2022","North West","Kano","Gwale","Dorayi","Unity College, Gwale","Female","disabled","NECO","Polytechnic","27","27","15","7","7","0","1.5","0","12","8","0"
"2021/2022","North West","Kano","Gwale","Dorayi","Unity College, Gwale","Female","disabled","WAEC","Polytechnic","41","40","24","6","6","0","1.5","1","16","19","0"
"2021/2022","North West","Kano","Gwale","Dorayi","Unity College, Gwale","Male","all","NABTEB","Polytechnic","126","124","79","34","26","8","1.6","2","45","46","8"
"2021/2022","North West","Kano","Gwale","Dorayi","Unity College, Gwale","Male","all","NECO","Polytechnic","213","210","139","47","41","6","1.5","3","71","92","6"
"2021/2022","North West","Kano","Gwale","Dorayi","Unity College, Gwale","Male","all","WAEC","Polytechnic","351","346","223","77","70","7","1.5","5","123","147","7"
"2021/2022","North West","Kano","Gwale","Dorayi","Unity College, Gwale","Male","disabled","NABTEB","Polytechnic","15","15","8","8","8","0","1.6","0","7","0","0"
"2021/2022","North West","Kano","Gwale","Dorayi","Unity College, Gwale","Male","disabled","NECO","Polytechnic","27","27","18","7","7","0","1.5","0","9","11","0"
"2021/2022","North West","Kano","Gwale","Dorayi","Unity College, Gwale","Male","disabled","WAEC","Polytechnic","41","40","24","6","6","0","1.5","1","16","19","0"
"2021/2022","North West","Kano","Kano Municipal","Chedi","Community Secondary School, Chedi","Female","all","NABTEB","College of Education","106","104","61","17","17","0","1.7","2","43","45","0"
"2021/2022","North West","Kano","Kano Municipal","Chedi","Community Secondary School, Chedi","Female","all","NECO","College of Education","205","202","124","40","35","5","1.6","3","78","84","5"
"2021/2022","North West","Kano","Kano Municipal","Chedi","Community Secondary School, Chedi","Female","all","WAEC","College of Education","259","255","155","41","38","3","1.6","4","100","115","3"
"2021/2022","North West","Kano","Kano Municipal","Chedi","Community Secondary School, Chedi","Female","disabled","NABTEB","College of Education","15","15","8","0","0","0","1.7","0","7","8","0"
"2021/2022","North West","Kano","Kano Municipal","Chedi","Community Secondary School, Chedi","Female","disabled","NECO","College of Education","23","23","15","6","6","0","1.6","0","8","8","0"
"2021/2022","North West","Kano","Kano Municipal","Chedi","Community Secondary School, Chedi","Female","disabled","WAEC","College of Education","32","32","17","6","6","0","1.6","0","15","12","0"
"2021/2022","North West","Kano","Kano Municipal","Chedi","Community Secondary School, Chedi","Male","all","NABTEB","College of Education","118","116","70","17","17","0","1.7","2","46","54","0"
"2021/2022","North West","Kano","Kano Municipal","Chedi","Community Secondary School, Chedi","Male","all","NECO","College of Education","229","226","138","40","35","5","1.6","3","88","99","5"
"2021/2022","North West","Kano","Kano Municipal","Chedi","Community Secondary School, Chedi","Male","all","WAEC","College of Education","284","280","173","47","38","9","1.6","4","107","127","9"
"2021/2022","North West","Kano","Kano Municipal","Chedi","Community Secondary School, Chedi","Male","disabled","NABTEB","College of Education","15","15","8","0","0","0","1.7","0","7","8","0"
"2021/2022","North West","Kano","Kano Municipal","Chedi","Community Secondary School, Chedi","Male","disabled","NECO","College of Education","23","23","11","0","0","0","1.6","0","12","11","0"
"2021/2022","North West","Kano","Kano Municipal","Chedi","Community Secondary School, Chedi","Male","disabled","WAEC","College of Education","27","27","13","0","0","0","1.6","0","14","13","0"
"2021/2022","North West","Kano","Kano Municipal","Chedi","Comprehensive High School, Chedi","Female","all","NABTEB","University","181","178","114","42","34","8","1.4","3","64","72","8"
"2021/2022","North West","Kano","Kano Municipal","Chedi","Comprehensive High School, Chedi","Female","all","NECO","University","306","301","205","81","69","12","1.4","5","96","124","12"
"2021/2022","North West","Kano","Kano Municipal","Chedi","Comprehensive High School, Chedi","Female","all","WAEC","University","493","486","306","112","101","11","1.4","7","180","195","11"
"2021/2022","North West","Kano","Kano Municipal","Chedi","Comprehensive High School, Chedi","Female","disabled","NABTEB","University","15","15","8","0","0","0","1.4","0","7","8","0"
"2021/2022","North West","Kano","Kano Municipal","Chedi","Comprehensive High School, Chedi","Female","disabled","NECO","University","27","27","18","7","7","0","1.4","0","9","11","0"
"2021/2022","North West","Kano","Kano Municipal","Chedi","Comprehensive High School, Chedi","Female","disabled","WAEC","University","37","36","21","6","6","0","1.4","1","15","16","0"
"2021/2022","North West","Kano","Kano Municipal","Chedi","Comprehensive High School, Chedi","Male","all","NABTEB","University","216","213","141","51","43","8","1.4","3","72","90","8"
"2021/2022","North West","Kano","Kano Municipal","Chedi","Comprehensive High School, Chedi","Male","all","NECO","University","372","366","243","81","69","12","1.4","6","123","163","12"
"2021/2022","North West","Kano","Kano Municipal","Chedi","Comprehensive High School, Chedi","Male","all","WAEC","University","557","549","336","130","120","10","1.4","8","213","206","10"
"2021/2022","North West","Kano","Kano Municipal","Chedi","Comprehensive High School, Chedi","Male","disabled","NABTEB","University","19","19","9","9","9","0","1.4","0","10","0","0"
"2021/2022","North West","Kano","Kano Municipal","Chedi","Comprehensive High School, Chedi","Male","disabled","NECO","University","27","27","15","7","7","0","1.4","0","12","8","0"
"2021/2022","North West","Kano","Kano Municipal","Chedi","Comprehensive High School, Chedi","Male","disabled","WAEC","University","50","49","28","12","13","0","1.4","1","21","17","0"
"2021/2022","North West","Kano","Kano Municipal","Chedi","Government Secondary School, Chedi","Female","all","NABTEB","Polytechnic","133","131","83","25","26","0","1.6","2","48","58","0"
"2021/2022","North West","Kano","Kano Municipal","Chedi","Government Secondary School, Chedi","Female","all","NECO","Polytechnic","267","263","161","54","48","6","1.5","4","102","108","6"
"2021/2022","North West","Kano","Kano Municipal","Chedi","Government Secondary School, Chedi","Female","all","WAEC","Polytechnic","359","354","216","71","63","8","1.5","5","138","146","8"
"2021/2022","North West","Kano","Kano Municipal","Chedi","Government Secondary School, Chedi","Female","disabled","NABTEB","Polytechnic","15","15","8","0","0","0","1.6","0","7","8","0"
"2021/2022","North West","Kano","Kano Municipal","Chedi","Government Secondary School, Chedi","Female","disabled","NECO","Polytechnic","31","31","18","7","7","0","1.5","0","13","11","0"
"2021/2022","North West","Kano","Kano Municipal","Chedi","Government Secondary School, Chedi","Female","disabled","WAEC","Polytechnic","45","44","24","6","6","0","1.5","1","20","19","0"
"2021/2022","North West","Kano","Kano Municipal","Chedi","Government Secondary School, Chedi","Male","all","NABTEB","Polytechnic","129","127","74","17","17","0","1.6","2","53","57","0"
"2021/2022","North West","Kano","Kano Municipal","Chedi","Government Secondary School, Chedi","Male","all","NECO","Polytechnic","279","275","161","47","41","6","1.5","4","114","115","6"
"2021/2022","North West","Kano","Kano Municipal","Chedi","Government Secondary School, Chedi","Male","all","WAEC","Polytechnic","355","350","212","59","57","2","1.5","5","138","154","2"
"2021/2022","North West","Kano","Kano Municipal","Chedi","Government Secondary School, Chedi","Male","disabled","NABTEB","Polytechnic","19","19","9","0","0","0","1.6","0","10","9","0"
"2021/2022","North West","Kano","Kano Municipal","Chedi","Government Secondary School, Chedi","Male","disabled","NECO","Polytechnic","31","31","18","7","7","0","1.5","0","13","11","0"
"2021/2022","North West","Kano","Kano Municipal","Chedi","Government Secondary School, Chedi","Male","disabled","WAEC","Polytechnic","45","44","28","6","6","0","1.5","1","16","22","0"
"2021/2022","North West","Kano","Kano Municipal","Chedi","Unity College, Kano Municipal","Female","all","NABTEB","College of Education","141","139","79","25","17","8","1.7","2","60","55","8"
"2021/2022","North West","Kano","Kano Municipal","Chedi","Unity College, Kano Municipal","Female","all","NECO","College of Education","229","226","127","40","35","5","1.6","3","99","88","5"
"2021/2022","North West","Kano","Kano Municipal","Chedi","Unity College, Kano Municipal","Female","all","WAEC","College of Education","372","366","216","59","51","8","1.6","6","150","158","8"
"2021/2022","North West","Kano","Kano Municipal","Chedi","Unity College, Kano Municipal","Female","disabled","NABTEB","College of Education","15","15","8","0","0","0","1.7","0","7","8","0"
"2021/2022","North West","Kano","Kano Municipal","Chedi","Unity College, Kano Municipal","Female","disabled","NECO","College of Education","19","19","11","6","6","0","1.6","0","8","5","0"
"2021/2022","North West","Kano","Kano Municipal","Chedi","Unity College, Kano Municipal","Female","disabled","WAEC","College of Education","32","32","17","0","0","0","1.6","0","15","17","0"
"2021/2022","North West","Kano","Kano Municipal","Chedi","Unity College, Kano Municipal","Male","all","NABTEB","College of Education","133","131","79","17","17","0","1.7","2","52","62","0"
"2021/2022","North West","Kano","Kano Municipal","Chedi","Unity College, Kano Municipal","Male","all","NECO","College of Education","205","202","116","27","21","6","1.6","3","86","89","6"
"2021/2022","North West","Kano","Kano Municipal","Chedi","Unity College, Kano Municipal","Male","all","WAEC","College of Education","351","346","209","59","51","8","1.6","5","137","151","8"
"2021/2022","North West","Kano","Kano Municipal","Chedi","Unity College, Kano Municipal","Male","disabled","NABTEB","College of Education","15","15","8","0","0","0","1.7","0","7","8","0"
"2021/2022","North West","Kano","Kano Municipal","Chedi","Unity College, Kano Municipal","Male","disabled","NECO","College of Education","19","19","11","0","0","0","1.6","0","8","11","0"
"2021/2022","North West","Kano","Kano Municipal","Chedi","Unity College, Kano Municipal","Male","disabled","WAEC","College of Education","32","32","17","6","6","0","1.6","0","15","12","0"
"2021/2022","North West","Kano","Kano Municipal","Dan'agundi","Community Secondary School, Dan'agundi","Female","all","NABTEB","Polytechnic","77","76","48","17","17","0","1.6","1","28","31","0"
"2021/2022","North West","Kano","Kano Municipal","Dan'agundi","Community Secondary School, Dan'agundi","Female","all","NECO","Polytechnic","146","144","89","33","28","5","1.5","2","55","56","5"
"2021/2022","North West","Kano","Kano Municipal","Dan'agundi","Community Secondary School, Dan'agundi","Female","all","WAEC","Polytechnic","201","198","119","47","44","3","1.5","3","79","72","3"
"2021/2022","North West","Kano","Kano Municipal","Dan'agundi","Community Secondary School, Dan'agundi","Female","disabled","NABTEB","Polytechnic","15","15","8","0","0","0","1.6","0","7","8","0"
"2021/2022","North West","Kano","Kano Municipal","Dan'agundi","Community Secondary School, Dan'agundi","Female","disabled","NECO","Polytechnic","15","15","8","7","7","0","1.5","0","8","1","0"
"2021/2022","North West","Kano","Kano Municipal","Dan'agundi","Community Secondary School, Dan'agundi","Female","disabled","WAEC","Polytechnic","15","15","10","6","6","0","1.5","0","5","5","0"
"2021/2022","North West","Kano","Kano Municipal","Dan'agundi","Community Secondary School, Dan'agundi","Male","all","NABTEB","Polytechnic","82","81","48","17","17","0","1.6","1","33","32","0"
"2021/2022","North West","Kano","Kano Municipal","Dan'agundi","Community Secondary School, Dan'agundi","Male","all","NECO","Polytechnic","153","151","96","27","21","6","1.5","2","55","70","6"
"2021/2022","North West","Kano","Kano Municipal","Dan'agundi","Community Secondary School, Dan'agundi","Male","all","WAEC","Polytechnic","187","184","118","35","32","3","1.5","3","66","83","3"
"2021/2022","North West","Kano","Kano Municipal","Dan'agundi","Community Secondary School, Dan'agundi","Male","disabled","NABTEB","Polytechnic","15","15","8","0","0","0","1.6","0","7","8","0"
"2021/2022","North West","Kano","Kano Municipal","Dan'agundi","Community Secondary School, Dan'agundi","Male","disabled","NECO","Polytechnic","15","15","8","0","0","0","1.5","0","8","8","0"
"2021/2022","North West","Kano","Kano Municipal","Dan'agundi","Community Secondary School, Dan'agundi","Male","disabled","WAEC","Polytechnic","15","15","10","6","6","0","1.5","0","5","5","0"
"2021/2022","North West","Kano","Kano Municipal","Dan'agundi","Comprehensive High School, Dan'agundi","Female","all","NABTEB","College of Education","157","155","92","42","34","8","1.7","2","63","51","8"
"2021/2022","North West","Kano","Kano Municipal","Dan'agundi","Comprehensive High School, Dan'agundi","Female","all","NECO","College of Education","280","276","182","74","62","12","1.6","4","94","108","12"
"2021/2022","North West","Kano","Kano Municipal","Dan'agundi","Comprehensive High School, Dan'agundi","Female","all","WAEC","College of Education","335","330","213","71","63","8","1.6","5","117","142","8"
"2021/2022","North West","Kano","Kano Municipal","Dan'agundi","Comprehensive High School, Dan'agundi","Female","disabled","NABTEB","College of Education","15","15","8","8","8","0","1.7","0","7","0","0"
"2021/2022","North West","Kano","Kano Municipal","Dan'agundi","Comprehensive High School, Dan'agundi","Female","disabled","NECO","College of Education","23","23","15","6","6","0","1.6","0","8","8","0"
"2021/2022","North West","Kano","Kano Municipal","Dan'agundi","Comprehensive High School, Dan'agundi","Female","disabled","WAEC","College of Education","27","27","17","6","6","0","1.6","0","10","11","0"
"2021/2022","North West","Kano","Kano Municipal","Dan'agundi","Comprehensive High School, Dan'agundi","Male","all","NABTEB","College of Education","173","170","110","42","34","8","1.7","3","60","68","8"
"2021/2022","North West","Kano","Kano Municipal","Dan'agundi","Comprehensive High School, Dan'agundi","Male","all","NECO","College of Education","310","305","190","67","62","5","1.6","5","115","123","5"
"2021/2022","North West","Kano","Kano Municipal","Dan'agundi","Comprehensive High School, Dan'agundi","Male","all","WAEC","College of Education","384","378","230","83","76","7","1.6","6","148","147","7"
"2021/2022","North West","Kano","Kano Municipal","Dan'agundi","Comprehensive High School, Dan'agundi","Male","disabled","NABTEB","College of Education","15","15","8","8","8","0","1.7","0","7","0","0"
"2021/2022","North West","Kano","Kano Municipal","Dan'agundi","Comprehensive High School, Dan'agundi","Male","disabled","NECO","College of Education","27","27","15","7","7","0","1.6","0","12","8","0"
"2021/2022","North West","Kano","Kano Municipal","Dan'agundi","Comprehensive High School, Dan'agundi","Male","disabled","WAEC","College of Education","32","32","21","6","6","0","1.6","0","11","16","0"
"2021/2022","North West","Kano","Kano Municipal","Dan'agundi","Government Secondary School, Dan'agundi","Female","all","NABTEB","Polytechnic","129","127","83","25","17","8","1.6","2","44","58","8"
"2021/2022","North West","Kano","Kano Municipal","Dan'agundi","Government Secondary School, Dan'agundi","Female","all","NECO","Polytechnic","221","218","143","47","41","6","1.5","3","75","96","6"
"2021/2022","North West","Kano","Kano Municipal","Dan'agundi","Government Secondary School, Dan'agundi","Female","all","WAEC","Polytechnic","338","333","205","71","63","8","1.5","5","128","135","8"
"2021/2022","North West","Kano","Kano Municipal","Dan'agundi","Government Secondary School, Dan'agundi","Female","disabled","NABTEB","Polytechnic","15","15","8","0","0","0","1.6","0","7","8","0"
"2021/2022","North West","Kano","Kano Municipal","Dan'agundi","Government Secondary School, Dan'agundi","Female","disabled","NECO","Polytechnic","23","23","15","6","6","0","1.5","0","8","8","0"
"2021/2022","North West","Kano","Kano Municipal","Dan'agundi","Government Secondary School, Dan'agundi","Female","disabled","WAEC","Polytechnic","37","36","21","6","6","0","1.5","1","15","16","0"
"2021/2022","North West","Kano","Kano Municipal","Dan'agundi","Government Secondary School, Dan'agundi","Male","all","NABTEB","Polytechnic","126","124","74","25","26","0","1.6","2","50","50","0"
"2021/2022","North West","Kano","Kano Municipal","Dan'agundi","Government Secondary School, Dan'agundi","Male","all","NECO","Polytechnic","258","254","161","54","48","6","1.5","4","93","108","6"
"2021/2022","North West","Kano","Kano Municipal","Dan'agundi","Government Secondary School, Dan'agundi","Male","all","WAEC","Polytechnic","343","338","210","65","57","8","1.5","5","128","145","8"
"2021/2022","North West","Kano","Kano Municipal","Dan'agundi","Government Secondary School, Dan'agundi","Male","disabled","NABTEB","Polytechnic","15","15","8","0","0","0","1.6","0","7","8","0"
"2021/2022","North West","Kano","Kano Municipal","Dan'agundi","Government Secondary School, Dan'agundi","Male","disabled","NECO","Polytechnic","23","23","15","6","6","0","1.5","0","8","8","0"
"2021/2022","North West","Kano","Kano Municipal","Dan'agundi","Government Secondary School, Dan'agundi","Male","disabled","WAEC","Polytechnic","37","36","21","6","6","0","1.5","1","15","16","0"
"2021/2022","North West","Kano","Kano Municipal","Dan'agundi","Unity College, Kano Municipal","Female","all","NABTEB","College of Education","106","104","61","17","17","0","1.7","2","43","45","0"
"2021/2022","North West","Kano","Kano Municipal","Dan'agundi","Unity College, Kano Municipal","Female","all","NECO","College of Education","213","210","124","33","28","5","1.6","3","86","91","5"
"2021/2022","North West","Kano","Kano Municipal","Dan'agundi","Unity College, Kano Municipal","Female","all","WAEC","College of Education","285","281","166","47","44","3","1.6","4","115","119","3"
"2021/2022","North West","Kano","Kano Municipal","Dan'agundi","Unity College, Kano Municipal","Female","disabled","NABTEB","College of Education","15","15","8","0","0","0","1.7","0","7","8","0"
"2021/2022","North West","Kano","Kano Municipal","Dan'agundi","Unity College, Kano Municipal","Female","disabled","NECO","College of Education","23","23","15","0","0","0","1.6","0","8","15","0"
"2021/2022","North West","Kano","Kano Municipal","Dan'agundi","Unity College, Kano Municipal","Female","disabled","WAEC","College of Education","32","32","17","0","0","0","1.6","0","15","17","0"
"2021/2022","North West","Kano","Kano Municipal","Dan'agundi","Unity College, Kano Municipal","Male","all","NABTEB","College of Education","113","111","65","17","17","0","1.7","2","46","48","0"
"2021/2022","North West","Kano","Kano Municipal","Dan'agundi","Unity College, Kano Municipal","Male","all","NECO","College of Education","217","214","124","33","28","5","1.6","3","90","91","5"
"2021/2022","North West","Kano","Kano Municipal","Dan'agundi","Unity College, Kano Municipal","Male","all","WAEC","College of Education","292","288","180","53","51","2","1.6","4","108","128","2"
"2021/2022","North West","Kano","Kano Municipal","Dan'agundi","Unity College, Kano Municipal","Male","disabled","NABTEB","College of Education","15","15","8","0","0","0","1.7","0","7","8","0"
"2021/2022","North West","Kano","Kano Municipal","Dan'agundi","Unity College, Kano Municipal","Male","disabled","NECO","College of Education","23","23","15","6","6","0","1.6","0","8","8","0"
"2021/2022","North West","Kano","Kano Municipal","Dan'agundi","Unity College, Kano Municipal","Male","disabled","WAEC","College of Education","32","32","17","6","6","0","1.6","0","15","12","0"
"2021/2022","North West","Kano","Kano Municipal","Gandun Albasa","Community Secondary School, Gandun Albasa","Female","all","NABTEB","University","145","143","79","17","17","0","1.4","2","64","63","0"
"2021/2022","North West","Kano","Kano Municipal","Gandun Albasa","Community Secondary School, Gandun Albasa","Female","all","NECO","University","284","280","170","54","48","6","1.4","4","110","116","6"
"2021/2022","North West","Kano","Kano Municipal","Gandun Albasa","Community Secondary School, Gandun Albasa","Female","all","WAEC","University","397","391","238","77","70","7","1.4","6","153","162","7"
"2021/2022","North West","Kano","Kano Municipal","Gandun Albasa","Community Secondary School, Gandun Albasa","Female","disabled","NABTEB","University","19","19","9","0","0","0","1.4","0","10","9","0"
"2021/2022","North West","Kano","Kano Municipal","Gandun Albasa","Community Secondary School, Gandun Albasa","Female","disabled","NECO","University","37","36","18","7","7","0","1.4","1","18","12","0"
"2021/2022","North West","Kano","Kano Municipal","Gandun Albasa","Community Secondary School, Gandun Albasa","Female","disabled","WAEC","University","50","49","28","6","6","0","1.4","1","21","23","0"
"2021/2022","North West","Kano","Kano Municipal","Gandun Albasa","Community Secondary School, Gandun Albasa","Male","all","NABTEB","University","186","183","111","25","17","8","1.4","3","72","86","8"
"2021/2022","North West","Kano","Kano Municipal","Gandun Albasa","Community Secondary School, Gandun Albasa","Male","all","NECO","University","354","349","208","54","48","6","1.4","5","141","155","6"
"2021/2022","North West","Kano","Kano Municipal","Gandun Albasa","Community Secondary School, Gandun Albasa","Male","all","WAEC","University","528","520","307","88","82","6","1.4","8","213","219","6"
"2021/2022","North West","Kano","Kano Municipal","Gandun Albasa","Community Secondary School, Gandun Albasa","Male","disabled","NABTEB","University","23","23","13","0","0","0","1.4","0","10","13","0"
"2021/2022","North West","Kano","Kano Municipal","Gandun Albasa","Community Secondary School, Gandun Albasa","Male","disabled","NECO","University","45","44","26","7","7","0","1.4","1","18","20","0"
"2021/2022","North West","Kano","Kano Municipal","Gandun Albasa","Community Secondary School, Gandun Albasa","Male","disabled","WAEC","University","66","65","39","12","13","0","1.4","1","26","28","0"
"2021/2022","North West","Kano","Kano Municipal","Gandun Albasa","Comprehensive High School, Gandun Albasa","Female","all","NABTEB","University","98","97","57","25","26","0","1.4","1","40","33","0"
"2021/2022","North West","Kano","Kano Municipal","Gandun Albasa","Comprehensive High School, Gandun Albasa","Female","all","NECO","University","197","194","116","33","28","5","1.4","3","78","83","5"
"2021/2022","North West","Kano","Kano Municipal","Gandun Albasa","Comprehensive High School, Gandun Albasa","Female","all","WAEC","University","213","210","134","35","32","3","1.4","3","76","99","3"
"2021/2022","North West","Kano","Kano Municipal","Gandun Albasa","Comprehensive High School, Gandun Albasa","Female","disabled","NABTEB","University","15","15","8","8","8","0","1.4","0","7","0","0"
"2021/2022","North West","Kano","Kano Municipal","Gandun Albasa","Comprehensive High School, Gandun Albasa","Female","disabled","NECO","University","23","23","11","0","0","0","1.4","0","12","11","0"
"2021/2022","North West","Kano","Kano Municipal","Gandun Albasa","Comprehensive High School, Gandun Albasa","Female","disabled","WAEC","University","27","27","17","0","0","0","1.4","0","10","17","0"
"2021/2022","North West","Kano","Kano Municipal","Gandun Albasa","Comprehensive High School, Gandun Albasa","Male","all","NABTEB","University","118","116","70","17","17","0","1.4","2","46","54","0"
"2021/2022","North West","Kano","Kano Municipal","Gandun Albasa","Comprehensive High School, Gandun Albasa","Male","all","NECO","University","233","230","131","40","35","5","1.4","3","99","92","5"
"2021/2022","North West","Kano","Kano Municipal","Gandun Albasa","Comprehensive High School, Gandun Albasa","Male","all","WAEC","University","272","268","163","59","57","2","1.4","4","105","104","2"
"2021/2022","North West","Kano","Kano Municipal","Gandun Albasa","Comprehensive High School, Gandun Albasa","Male","disabled","NABTEB","University","15","15","8","0","0","0","1.4","0","7","8","0"
"2021/2022","North West","Kano","Kano Municipal","Gandun Albasa","Comprehensive High School, Gandun Albasa","Male","disabled","NECO","University","27","27","15","7","7","0","1.4","0","12","8","0"
"2021/2022","North West","Kano","Kano Municipal","Gandun Albasa","Comprehensive High School, Gandun Albasa","Male","disabled","WAEC","University","32","32","17","6","6","0","1.4","0","15","12","0"
"2021/2022","North West","Kano","Kano Municipal","Gandun Albasa","Government Secondary School, Gandun Albasa","Female","all","NABTEB","University","177","174","105","34","26","8","1.4","3","69","71","8"
"2021/2022","North West","Kano","Kano Municipal","Gandun Albasa","Government Secondary School, Gandun Albasa","Female","all","NECO","University","326","321","193","67","55","12","1.4","5","128","126","12"
"2021/2022","North West","Kano","Kano Municipal","Gandun Albasa","Government Secondary School, Gandun Albasa","Female","all","WAEC","University","456","449","274","77","70","7","1.4","7","175","198","7"
"2021/2022","North West","Kano","Kano Municipal","Gandun Albasa","Government Secondary School, Gandun Albasa","Female","disabled","NABTEB","University","23","23","13","9","9","0","1.4","0","10","4","0"
"2021/2022","North West","Kano","Kano Municipal","Gandun Albasa","Government Secondary School, Gandun Albasa","Female","disabled","NECO","University","45","44","26","7","7","0","1.4","1","18","20","0"
"2021/2022","North West","Kano","Kano Municipal","Gandun Albasa","Government Secondary School, Gandun Albasa","Female","disabled","WAEC","University","62","61","35","12","13","0","1.4","1","26","24","0"
"2021/2022","North West","Kano","Kano Municipal","Gandun Albasa","Government Secondary School, Gandun Albasa","Male","all","NABTEB","University","194","191","111","34","26","8","1.4","3","80","77","8"
"2021/2022","North West","Kano","Kano Municipal","Gandun Albasa","Government Secondary School, Gandun Albasa","Male","all","NECO","University","317","312","196","54","48","6","1.4","5","116","143","6"
"2021/2022","North West","Kano","Kano Municipal","Gandun Albasa","Government Secondary School, Gandun Albasa","Male","all","WAEC","University","469","462","275","83","76","7","1.4","7","187","192","7"
"2021/2022","North West","Kano","Kano Municipal","Gandun Albasa","Government Secondary School, Gandun Albasa","Male","disabled","NABTEB","University","23","23","13","9","9","0","1.4","0","10","4","0"
"2021/2022","North West","Kano","Kano Municipal","Gandun Albasa","Government Secondary School, Gandun Albasa","Male","disabled","NECO","University","45","44","22","7","7","0","1.4","1","22","16","0"
"2021/2022","North West","Kano","Kano Municipal","Gandun Albasa","Government Secondary School, Gandun Albasa","Male","disabled","WAEC","University","66","65","39","12","13","0","1.4","1","26","28","0"
"2021/2022","North West","Kano","Kano Municipal","Gandun Albasa","Unity College, Kano Municipal","Female","all","NABTEB","College of Education","145","143","83","25","17","8","1.7","2","60","59","8"
"2021/2022","North West","Kano","Kano Municipal","Gandun Albasa","Unity College, Kano Municipal","Female","all","NECO","College of Education","305","300","185","60","48","12","1.6","5","115","126","12"
"2021/2022","North West","Kano","Kano Municipal","Gandun Albasa","Unity College, Kano Municipal","Female","all","WAEC","College of Education","385","379","241","82","76","6","1.6","6","138","160","6"
"2021/2022","North West","Kano","Kano Municipal","Gandun Albasa","Unity College, Kano Municipal","Female","disabled","NABTEB","College of Education","19","19","9","0","0","0","1.7","0","10","9","0"
"2021/2022","North West","Kano","Kano Municipal","Gandun Albasa","Unity College, Kano Municipal","Female","disabled","NECO","College of Education","37","36","22","7","7","0","1.6","1","14","16","0"
"2021/2022","North West","Kano","Kano Municipal","Gandun Albasa","Unity College, Kano Municipal","Female","disabled","WAEC","College of Education","49","48","28","12","13","0","1.6","1","20","17","0"
"2021/2022","North West","Kano","Kano Municipal","Gandun Albasa","Unity College, Kano Municipal","Male","all","NABTEB","College of Education","197","194","123","42","34","8","1.7","3","71","82","8"
"2021/2022","North West","Kano","Kano Municipal","Gandun Albasa","Unity College, Kano Municipal","Male","all","NECO","College of Education","392","386","231","67","55","12","1.6","6","155","165","12"
"2021/2022","North West","Kano","Kano Municipal","Gandun Albasa","Unity College, Kano Municipal","Male","all","WAEC","College of Education","536","528","329","112","101","11","1.6","8","199","217","11"
"2021/2022","North West","Kano","Kano Municipal","Gandun Albasa","Unity College, Kano Municipal","Male","disabled","NABTEB","College of Education","23","23","13","9","9","0","1.7","0","10","4","0"
"2021/2022","North West","Kano","Kano Municipal","Gandun Albasa","Unity College, Kano Municipal","Male","disabled","NECO","College of Education","45","44","22","7","7","0","1.6","1","22","16","0"
"2021/2022","North West","Kano","Kano Municipal","Gandun Albasa","Unity College, Kano Municipal","Male","disabled","WAEC","College of Education","62","61","35","12","13","0","1.6","1","26","24","0"
"2021/2022","North West","Kano","Nasarawa","Dakata","Community Secondary School, Dakata","Female","all","NABTEB","University","110","108","65","17","17","0","1.4","2","43","49","0"
"2021/2022","North West","Kano","Nasarawa","Dakata","Community Secondary School, Dakata","Female","all","NECO","University","225","222","139","54","48","6","1.4","3","83","85","6"
"2021/2022","North West","Kano","Nasarawa","Dakata","Community Secondary School, Dakata","Female","all","WAEC","University","338","333","205","77","70","7","1.4","5","128","129","7"
"2021/2022","North West","Kano","Nasarawa","Dakata","Community Secondary School, Dakata","Female","disabled","NABTEB","University","15","15","8","0","0","0","1.4","0","7","8","0"
"2021/2022","North West","Kano","Nasarawa","Dakata","Community Secondary School, Dakata","Female","disabled","NECO","University","19","19","11","6","6","0","1.4","0","8","5","0"
"2021/2022","North West","Kano","Nasarawa","Dakata","Community Secondary School, Dakata","Female","disabled","WAEC","University","27","27","17","6","6","0","1.4","0","10","11","0"
"2021/2022","North West","Kano","Nasarawa","Dakata","Community Secondary School, Dakata","Male","all","NABTEB","University","133","131","87","33","33","0","1.4","2","44","53","0"
"2021/2022","North West","Kano","Nasarawa","Dakata","Community Secondary School, Dakata","Male","all","NECO","University","238","234","142","47","41","6","1.4","4","92","96","6"
"2021/2022","North West","Kano","Nasarawa","Dakata","Community Secondary School, Dakata","Male","all","WAEC","University","380","374","238","71","63","8","1.4","6","136","167","8"
"2021/2022","North West","Kano","Nasarawa","Dakata","Community Secondary School, Dakata","Male","disabled","NABTEB","University","15","15","8","8","8","1","1.4","0","7","0","1"
"2021/2022","North West","Kano","Nasarawa","Dakata","Community Secondary School, Dakata","Male","disabled","NECO","University","19","19","11","6","6","0","1.4","0","8","5","0"
"2021/2022","North West","Kano","Nasarawa","Dakata","Community Secondary School, Dakata","Male","disabled","WAEC","University","32","32","17","6","6","0","1.4","0","15","12","0"
"2021/2022","North West","Kano","Nasarawa","Dakata","Comprehensive High School, Dakata","Female","all","NABTEB","Polytechnic","98","97","57","17","17","0","1.6","1","40","41","0"
"2021/2022","North West","Kano","Nasarawa","Dakata","Comprehensive High School, Dakata","Female","all","NECO","Polytechnic","209","206","116","40","35","5","1.5","3","90","76","5"
"2021/2022","North West","Kano","Nasarawa","Dakata","Comprehensive High School, Dakata","Female","all","WAEC","Polytechnic","255","251","147","47","44","3","1.5","4","104","101","3"
"2021/2022","North West","Kano","Nasarawa","Dakata","Comprehensive High School, Dakata","Female","disabled","NABTEB","Polytechnic","15","15","8","0","0","0","1.6","0","7","8","0"
"2021/2022","North West","Kano","Nasarawa","Dakata","Comprehensive High School, Dakata","Female","disabled","NECO","Polytechnic","23","23","11","6","6","0","1.5","0","12","5","0"
"2021/2022","North West","Kano","Nasarawa","Dakata","Comprehensive High School, Dakata","Female","disabled","WAEC","Polytechnic","32","32","17","6","6","0","1.5","0","15","12","0"
"2021/2022","North West","Kano","Nasarawa","Dakata","Comprehensive High School, Dakata","Male","all","NABTEB","Polytechnic","98","97","56","17","17","0","1.6","1","41","40","0"
"2021/2022","North West","Kano","Nasarawa","Dakata","Comprehensive High School, Dakata","Male","all","NECO","Polytechnic","184","181","112","27","21","6","1.5","3","69","85","6"
"2021/2022","North West","Kano","Nasarawa","Dakata","Comprehensive High School, Dakata","Male","all","WAEC","Polytechnic","242","238","140","41","38","3","1.5","4","98","100","3"
"2021/2022","North West","Kano","Nasarawa","Dakata","Comprehensive High School, Dakata","Male","disabled","NABTEB","Polytechnic","15","15","8","0","0","0","1.6","0","7","8","0"
"2021/2022","North West","Kano","Nasarawa","Dakata","Comprehensive High School, Dakata","Male","disabled","NECO","Polytechnic","23","23","15","0","0","0","1.5","0","8","15","0"
"2021/2022","North West","Kano","Nasarawa","Dakata","Comprehensive High School, Dakata","Male","disabled","WAEC","Polytechnic","31","31","17","6","6","0","1.5","0","14","11","0"
"2021/2022","North West","Kano","Nasarawa","Dakata","Government Secondary School, Dakata","Female","all","NABTEB","Polytechnic","177","174","105","42","34","8","1.6","3","69","63","8"
"2021/2022","North West","Kano","Nasarawa","Dakata","Government Secondary School, Dakata","Female","all","NECO","Polytechnic","367","362","220","67","62","5","1.5","5","142","154","5"
"2021/2022","North West","Kano","Nasarawa","Dakata","Government Secondary School, Dakata","Female","all","WAEC","Polytechnic","385","379","234","77","70","7","1.5","6","145","158","7"
"2021/2022","North West","Kano","Nasarawa","Dakata","Government Secondary School, Dakata","Female","disabled","NABTEB","Polytechnic","23","23","13","9","8","1","1.6","0","10","4","1"
"2021/2022","North West","Kano","Nasarawa","Dakata","Government Secondary School, Dakata","Female","disabled","NECO","Polytechnic","50","49","27","7","7","0","1.5","1","22","20","0"
"2021/2022","North West","Kano","Nasarawa","Dakata","Government Secondary School, Dakata","Female","disabled","WAEC","Polytechnic","54","53","32","12","13","0","1.5","1","21","21","0"
"2021/2022","North West","Kano","Nasarawa","Dakata","Government Secondary School, Dakata","Male","all","NABTEB","Polytechnic","228","225","145","42","34","8","1.6","3","80","104","8"
"2021/2022","North West","Kano","Nasarawa","Dakata","Government Secondary School, Dakata","Male","all","NECO","Polytechnic","429","423","266","81","69","12","1.5","6","157","186","12"
"2021/2022","North West","Kano","Nasarawa","Dakata","Government Secondary School, Dakata","Male","all","WAEC","Polytechnic","511","503","318","88","76","12","1.5","8","185","230","12"
"2021/2022","North West","Kano","Nasarawa","Dakata","Government Secondary School, Dakata","Male","disabled","NABTEB","Polytechnic","31","31","18","0","0","0","1.6","0","13","18","0"
"2021/2022","North West","Kano","Nasarawa","Dakata","Government Secondary School, Dakata","Male","disabled","NECO","Polytechnic","58","57","30","7","7","0","1.5","1","27","24","0"
"2021/2022","North West","Kano","Nasarawa","Dakata","Government Secondary School, Dakata","Male","disabled","WAEC","Polytechnic","71","70","40","6","6","0","1.5","1","30","34","0"
"2021/2022","North West","Kano","Nasarawa","Dakata","Unity College, Nasarawa","Female","all","NABTEB","College of Education","106","104","61","17","17","0","1.7","2","43","45","0"
"2021/2022","North West","Kano","Nasarawa","Dakata","Unity College, Nasarawa","Female","all","NECO","College of Education","188","185","108","34","28","6","1.6","3","77","74","6"
"2021/2022","North West","Kano","Nasarawa","Dakata","Unity College, Nasarawa","Female","all","WAEC","College of Education","251","247","144","47","44","3","1.6","4","103","98","3"
"2021/2022","North West","Kano","Nasarawa","Dakata","Unity College, Nasarawa","Female","disabled","NABTEB","College of Education","15","15","8","0","0","0","1.7","0","7","8","0"
"2021/2022","North West","Kano","Nasarawa","Dakata","Unity College, Nasarawa","Female","disabled","NECO","College of Education","15","15","8","0","0","0","1.6","0","8","8","0"
"2021/2022","North West","Kano","Nasarawa","Dakata","Unity College, Nasarawa","Female","disabled","WAEC","College of Education","19","19","10","5","5","0","1.6","0","9","5","0"
"2021/2022","North West","Kano","Nasarawa","Dakata","Unity College, Nasarawa","Male","all","NABTEB","College of Education","114","112","65","17","17","0","1.7","2","47","49","0"
"2021/2022","North West","Kano","Nasarawa","Dakata","Unity College, Nasarawa","Male","all","NECO","College of Education","225","222","139","47","41","6","1.6","3","83","92","6"
"2021/2022","North West","Kano","Nasarawa","Dakata","Unity College, Nasarawa","Male","all","WAEC","College of Education","310","305","188","53","51","2","1.6","5","117","135","2"
"2021/2022","North West","Kano","Nasarawa","Dakata","Unity College, Nasarawa","Male","disabled","NABTEB","College of Education","15","15","8","0","0","0","1.7","0","7","8","0"
"2021/2022","North West","Kano","Nasarawa","Dakata","Unity College, Nasarawa","Male","disabled","NECO","College of Education","19","19","11","6","6","0","1.6","0","8","5","0"
"2021/2022","North West","Kano","Nasarawa","Dakata","Unity College, Nasarawa","Male","disabled","WAEC","College of Education","23","23","13","6","6","0","1.6","0","10","7","0"
"2021/2022","North West","Kano","Nasarawa","Gama","Community Secondary School, Gama","Female","all","NABTEB","College of Education","93","92","56","17","17","0","1.7","1","36","39","0"
"2021/2022","North West","Kano","Nasarawa","Gama","Community Secondary School, Gama","Female","all","NECO","College of Education","162","160","96","34","28","6","1.6","2","64","63","6"
"2021/2022","North West","Kano","Nasarawa","Gama","Community Secondary School, Gama","Female","all","WAEC","College of Education","189","186","116","41","38","3","1.6","3","70","75","3"
"2021/2022","North West","Kano","Nasarawa","Gama","Community Secondary School, Gama","Female","disabled","NABTEB","College of Education","15","15","8","0","0","0","1.7","0","7","8","0"
"2021/2022","North West","Kano","Nasarawa","Gama","Community Secondary School, Gama","Female","disabled","NECO","College of Education","19","19","11","6","6","0","1.6","0","8","5","0"
"2021/2022","North West","Kano","Nasarawa","Gama","Community Secondary School, Gama","Female","disabled","WAEC","College of Education","23","23","13","6","6","0","1.6","0","10","7","0"
"2021/2022","North West","Kano","Nasarawa","Gama","Community Secondary School, Gama","Male","all","NABTEB","College of Education","89","88","52","17","17","0","1.7","1","36","35","0"
"2021/2022","North West","Kano","Nasarawa","Gama","Community Secondary School, Gama","Male","all","NECO","College of Education","137","135","84","20","14","6","1.6","2","51","65","6"
"2021/2022","North West","Kano","Nasarawa","Gama","Community Secondary School, Gama","Male","all","WAEC","College of Education","188","185","111","35","32","3","1.6","3","74","77","3"
"2021/2022","North West","Kano","Nasarawa","Gama","Community Secondary School, Gama","Male","disabled","NABTEB","College of Education","15","15","8","0","0","0","1.7","0","7","8","0"
"2021/2022","North West","Kano","Nasarawa","Gama","Community Secondary School, Gama","Male","disabled","NECO","College of Education","15","15","8","0","0","0","1.6","0","8","8","0"
"2021/2022","North West","Kano","Nasarawa","Gama","Community Secondary School, Gama","Male","disabled","WAEC","College of Education","19","19","10","5","5","0","1.6","0","9","5","0"
"2021/2022","North West","Kano","Nasarawa","Gama","Comprehensive High School, Gama","Female","all","NABTEB","College of Education","137","135","83","17","17","0","1.7","2","52","66","0"
"2021/2022","North West","Kano","Nasarawa","Gama","Comprehensive High School, Gama","Female","all","NECO","College of Education","242","238","142","47","41","6","1.6","4","96","96","6"
"2021/2022","North West","Kano","Nasarawa","Gama","Comprehensive High School, Gama","Female","all","WAEC","College of Education","355","350","216","59","51","8","1.6","5","134","158","8"
"2021/2022","North West","Kano","Nasarawa","Gama","Comprehensive High School, Gama","Female","disabled","NABTEB","College of Education","15","15","8","0","0","0","1.7","0","7","8","0"
"2021/2022","North West","Kano","Nasarawa","Gama","Comprehensive High School, Gama","Female","disabled","NECO","College of Education","19","19","11","6","6","0","1.6","0","8","5","0"
"2021/2022","North West","Kano","Nasarawa","Gama","Comprehensive High School, Gama","Female","disabled","WAEC","College of Education","27","27","17","6","6","0","1.6","0","10","11","0"
"2021/2022","North West","Kano","Nasarawa","Gama","Comprehensive High School, Gama","Male","all","NABTEB","College of Education","153","151","87","25","17","8","1.7","2","64","63","8"
"2021/2022","North West","Kano","Nasarawa","Gama","Comprehensive High School, Gama","Male","all","NECO","College of Education","276","272","159","40","35","5","1.6","4","113","119","5"
"2021/2022","North West","Kano","Nasarawa","Gama","Comprehensive High School, Gama","Male","all","WAEC","College of Education","401","395","234","65","57","8","1.6","6","161","170","8"
"2021/2022","North West","Kano","Nasarawa","Gama","Comprehensive High School, Gama","Male","disabled","NABTEB","College of Education","15","15","8","0","0","0","1.7","0","7","8","0"
"2021/2022","North West","Kano","Nasarawa","Gama","Comprehensive High School, Gama","Male","disabled","NECO","College of Education","23","23","11","0","0","0","1.6","0","12","11","0"
"2021/2022","North West","Kano","Nasarawa","Gama","Comprehensive High School, Gama","Male","disabled","WAEC","College of Education","27","27","13","6","6","0","1.6","0","14","7","0"
"2021/2022","North West","Kano","Nasarawa","Gama","Government Secondary School, Gama","Female","all","NABTEB","University","160","158","96","41","34","8","1.4","2","62","54","8"
"2021/2022","North West","Kano","Nasarawa","Gama","Government Secondary School, Gama","Female","all","NECO","University","326","321","197","67","55","12","1.4","5","124","130","12"
"2021/2022","North West","Kano","Nasarawa","Gama","Government Secondary School, Gama","Female","all","WAEC","University","419","413","250","88","82","6","1.4","6","163","162","6"
"2021/2022","North West","Kano","Nasarawa","Gama","Government Secondary School, Gama","Female","disabled","NABTEB","University","15","15","8","8","8","1","1.4","0","7","0","1"
"2021/2022","North West","Kano","Nasarawa","Gama","Government Secondary School, Gama","Female","disabled","NECO","University","32","32","18","7","7","0","1.4","0","14","12","0"
"2021/2022","North West","Kano","Nasarawa","Gama","Government Secondary School, Gama","Female","disabled","WAEC","University","32","32","17","6","6","0","1.4","0","15","12","0"
"2021/2022","North West","Kano","Nasarawa","Gama","Government Secondary School, Gama","Male","all","NABTEB","University","156","154","101","34","26","8","1.4","2","53","67","8"
"2021/2022","North West","Kano","Nasarawa","Gama","Government Secondary School, Gama","Male","all","NECO","University","322","317","190","67","62","5","1.4","5","127","123","5"
"2021/2022","North West","Kano","Nasarawa","Gama","Government Secondary School, Gama","Male","all","WAEC","University","367","362","212","65","57","8","1.4","5","150","148","8"
"2021/2022","North West","Kano","Nasarawa","Gama","Government Secondary School, Gama","Male","disabled","NABTEB","University","15","15","8","0","0","0","1.4","0","7","8","0"
"2021/2022","North West","Kano","Nasarawa","Gama","Government Secondary School, Gama","Male","disabled","NECO","University","27","27","15","7","7","0","1.4","0","12","8","0"
"2021/2022","North West","Kano","Nasarawa","Gama","Government Secondary School, Gama","Male","disabled","WAEC","University","31","31","17","6","6","0","1.4","0","14","11","0"
"2021/2022","North West","Kano","Nasarawa","Gama","Unity College, Nasarawa","Female","all","NABTEB","College of Education","89","88","57","24","25","0","1.7","1","31","32","0"
"2021/2022","North West","Kano","Nasarawa","Gama","Unity College, Nasarawa","Female","all","NECO","College of Education","180","177","112","40","35","5","1.6","3","65","72","5"
"2021/2022","North West","Kano","Nasarawa","Gama","Unity College, Nasarawa","Female","all","WAEC","College of Education","205","202","127","53","51","2","1.6","3","75","74","2"
"2021/2022","North West","Kano","Nasarawa","Gama","Unity College, Nasarawa","Female","disabled","NABTEB","College of Education","15","15","8","8","8","1","1.7","0","7","0","1"
"2021/2022","North West","Kano","Nasarawa","Gama","Unity College, Nasarawa","Female","disabled","NECO","College of Education","19","19","11","6","6","0","1.6","0","8","5","0"
"2021/2022","North West","Kano","Nasarawa","Gama","Unity College, Nasarawa","Female","disabled","WAEC","College of Education","23","23","13","6","6","0","1.6","0","10","7","0"
"2021/2022","North West","Kano","Nasarawa","Gama","Unity College, Nasarawa","Male","all","NABTEB","College of Education","89","88","56","17","17","0","1.7","1","32","39","0"
"2021/2022","North West","Kano","Nasarawa","Gama","Unity College, Nasarawa","Male","all","NECO","College of Education","184","181","108","40","35","5","1.6","3","73","68","5"
"2021/2022","North West","Kano","Nasarawa","Gama","Unity College, Nasarawa","Male","all","WAEC","College of Education","217","214","129","41","38","3","1.6","3","85","89","3"
"2021/2022","North West","Kano","Nasarawa","Gama","Unity College, Nasarawa","Male","disabled","NABTEB","College of Education","15","15","8","0","0","0","1.7","0","7","8","0"
"2021/2022","North West","Kano","Nasarawa","Gama","Unity College, Nasarawa","Male","disabled","NECO","College of Education","19","19","11","6","6","0","1.6","0","8","5","0"
"2021/2022","North West","Kano","Nasarawa","Gama","Unity College, Nasarawa","Male","disabled","WAEC","College of Education","27","27","17","6","6","0","1.6","0","10","11","0"
"2021/2022","North West","Kano","Nasarawa","Gawuna","Community Secondary School, Gawuna","Female","all","NABTEB","University","82","81","52","25","26","0","1.4","1","29","28","0"
"2021/2022","North West","Kano","Nasarawa","Gawuna","Community Secondary School, Gawuna","Female","all","NECO","University","142","140","89","33","28","5","1.4","2","51","56","5"
"2021/2022","North West","Kano","Nasarawa","Gawuna","Community Secondary School, Gawuna","Female","all","WAEC","University","193","190","123","47","44","3","1.4","3","67","76","3"
"2021/2022","North West","Kano","Nasarawa","Gawuna","Community Secondary School, Gawuna","Female","disabled","NABTEB","University","15","15","8","8","8","1","1.4","0","7","0","1"
"2021/2022","North West","Kano","Nasarawa","Gawuna","Community Secondary School, Gawuna","Female","disabled","NECO","University","15","15","11","7","7","0","1.4","0","4","5","0"
"2021/2022","North West","Kano","Nasarawa","Gawuna","Community Secondary School, Gawuna","Female","disabled","WAEC","University","23","23","13","6","6","0","1.4","0","10","7","0"
"2021/2022","North West","Kano","Nasarawa","Gawuna","Community Secondary School, Gawuna","Male","all","NABTEB","University","82","81","52","25","26","0","1.4","1","29","28","0"
"2021/2022","North West","Kano","Nasarawa","Gawuna","Community Secondary School, Gawuna","Male","all","NECO","University","129","127","80","33","28","5","1.4","2","47","48","5"
"2021/2022","North West","Kano","Nasarawa","Gawuna","Community Secondary School, Gawuna","Male","all","WAEC","University","184","181","111","35","32","3","1.4","3","70","77","3"
"2021/2022","North West","Kano","Nasarawa","Gawuna","Community Secondary School, Gawuna","Male","disabled","NABTEB","University","15","15","9","9","8","1","1.4","0","6","0","1"
"2021/2022","North West","Kano","Nasarawa","Gawuna","Community Secondary School, Gawuna","Male","disabled","NECO","University","15","15","11","7","7","0","1.4","0","4","5","0"
"2021/2022","North West","Kano","Nasarawa","Gawuna","Community Secondary School, Gawuna","Male","disabled","WAEC","University","23","23","13","6","6","0","1.4","0","10","7","0"
"2021/2022","North West","Kano","Nasarawa","Gawuna","Comprehensive High School, Gawuna","Female","all","NABTEB","Polytechnic","114","112","65","25","26","0","1.6","2","47","41","0"
"2021/2022","North West","Kano","Nasarawa","Gawuna","Comprehensive High School, Gawuna","Female","all","NECO","Polytechnic","192","189","116","40","35","5","1.5","3","73","76","5"
"2021/2022","North West","Kano","Nasarawa","Gawuna","Comprehensive High School, Gawuna","Female","all","WAEC","Polytechnic","318","313","191","53","51","2","1.5","5","122","139","2"
"2021/2022","North West","Kano","Nasarawa","Gawuna","Comprehensive High School, Gawuna","Female","disabled","NABTEB","Polytechnic","15","15","8","8","8","1","1.6","0","7","0","1"
"2021/2022","North West","Kano","Nasarawa","Gawuna","Comprehensive High School, Gawuna","Female","disabled","NECO","Polytechnic","23","23","14","6","6","0","1.5","0","9","7","0"
"2021/2022","North West","Kano","Nasarawa","Gawuna","Comprehensive High School, Gawuna","Female","disabled","WAEC","Polytechnic","41","40","24","6","6","0","1.5","1","16","19","0"
"2021/2022","North West","Kano","Nasarawa","Gawuna","Comprehensive High School, Gawuna","Male","all","NABTEB","Polytechnic","110","108","65","17","17","0","1.6","2","43","49","0"
"2021/2022","North West","Kano","Nasarawa","Gawuna","Comprehensive High School, Gawuna","Male","all","NECO","Polytechnic","209","206","124","40","35","5","1.5","3","82","84","5"
"2021/2022","North West","Kano","Nasarawa","Gawuna","Comprehensive High School, Gawuna","Male","all","WAEC","Polytechnic","314","309","192","65","57","8","1.5","5","117","127","8"
"2021/2022","North West","Kano","Nasarawa","Gawuna","Comprehensive High School, Gawuna","Male","disabled","NABTEB","Polytechnic","15","15","8","0","0","0","1.6","0","7","8","0"
"2021/2022","North West","Kano","Nasarawa","Gawuna","Comprehensive High School, Gawuna","Male","disabled","NECO","Polytechnic","27","27","15","7","7","0","1.5","0","12","8","0"
"2021/2022","North West","Kano","Nasarawa","Gawuna","Comprehensive High School, Gawuna","Male","disabled","WAEC","Polytechnic","41","40","21","6","6","0","1.5","1","19","16","0"
"2021/2022","North West","Kano","Nasarawa","Gawuna","Government Secondary School, Gawuna","Female","all","NABTEB","Polytechnic","161","159","96","25","17","8","1.6","2","63","72","8"
"2021/2022","North West","Kano","Nasarawa","Gawuna","Government Secondary School, Gawuna","Female","all","NECO","Polytechnic","334","329","185","54","48","6","1.5","5","144","132","6"
"2021/2022","North West","Kano","Nasarawa","Gawuna","Government Secondary School, Gawuna","Female","all","WAEC","Polytechnic","448","441","256","77","70","7","1.5","7","185","180","7"
"2021/2022","North West","Kano","Nasarawa","Gawuna","Government Secondary School, Gawuna","Female","disabled","NABTEB","Polytechnic","15","15","8","0","0","0","1.6","0","7","8","0"
"2021/2022","North West","Kano","Nasarawa","Gawuna","Government Secondary School, Gawuna","Female","disabled","NECO","Polytechnic","31","31","15","7","7","0","1.5","0","16","8","0"
"2021/2022","North West","Kano","Nasarawa","Gawuna","Government Secondary School, Gawuna","Female","disabled","WAEC","Polytechnic","41","40","21","6","6","0","1.5","1","19","16","0"
"2021/2022","North West","Kano","Nasarawa","Gawuna","Government Secondary School, Gawuna","Male","all","NABTEB","Polytechnic","170","167","101","25","26","0","1.6","3","66","77","0"
"2021/2022","North West","Kano","Nasarawa","Gawuna","Government Secondary School, Gawuna","Male","all","NECO","Polytechnic","405","399","247","74","62","12","1.5","6","152","174","12"
"2021/2022","North West","Kano","Nasarawa","Gawuna","Government Secondary School, Gawuna","Male","all","WAEC","Polytechnic","457","450","264","65","57","8","1.5","7","186","199","8"
"2021/2022","North West","Kano","Nasarawa","Gawuna","Government Secondary School, Gawuna","Male","disabled","NABTEB","Polytechnic","15","15","8","0","0","0","1.6","0","7","8","0"
"2021/2022","North West","Kano","Nasarawa","Gawuna","Government Secondary School, Gawuna","Male","disabled","NECO","Polytechnic","37","36","22","0","0","0","1.5","1","14","22","0"
"2021/2022","North West","Kano","Nasarawa","Gawuna","Government Secondary School, Gawuna","Male","disabled","WAEC","Polytechnic","41","40","24","6","6","0","1.5","1","16","19","0"
"2021/2022","North West","Kano","Nasarawa","Gawuna","Unity College, Nasarawa","Female","all","NABTEB","College of Education","145","143","92","25","17","8","1.7","2","51","68","8"
"2021/2022","North West","Kano","Nasarawa","Gawuna","Unity College, Nasarawa","Female","all","NECO","College of Education","306","301","186","54","48","6","1.6","5","115","132","6"
"2021/2022","North West","Kano","Nasarawa","Gawuna","Unity College, Nasarawa","Female","all","WAEC","College of Education","464","457","285","88","82","6","1.6","7","172","198","6"
"2021/2022","North West","Kano","Nasarawa","Gawuna","Unity College, Nasarawa","Female","disabled","NABTEB","College of Education","15","15","8","0","0","0","1.7","0","7","8","0"
"2021/2022","North West","Kano","Nasarawa","Gawuna","Unity College, Nasarawa","Female","disabled","NECO","College of Education","32","32","18","0","0","0","1.6","0","14","18","0"
"2021/2022","North West","Kano","Nasarawa","Gawuna","Unity College, Nasarawa","Female","disabled","WAEC","College of Education","41","40","24","6","6","0","1.6","1","16","19","0"
"2021/2022","North West","Kano","Nasarawa","Gawuna","Unity College, Nasarawa","Male","all","NABTEB","College of Education","189","186","118","34","26","8","1.7","3","68","85","8"
"2021/2022","North West","Kano","Nasarawa","Gawuna","Unity College, Nasarawa","Male","all","NECO","College of Education","392","386","235","67","55","12","1.6","6","151","169","12"
"2021/2022","North West","Kano","Nasarawa","Gawuna","Unity College, Nasarawa","Male","all","WAEC","College of Education","523","515","332","112","101","11","1.6","8","183","221","11"
"2021/2022","North West","Kano","Nasarawa","Gawuna","Unity College, Nasarawa","Male","disabled","NABTEB","College of Education","15","15","8","0","0","0","1.7","0","7","8","0"
"2021/2022","North West","Kano","Nasarawa","Gawuna","Unity College, Nasarawa","Male","disabled","NECO","College of Education","37","36","18","7","7","0","1.6","1","18","12","0"
"2021/2022","North West","Kano","Nasarawa","Gawuna","Unity College, Nasarawa","Male","disabled","WAEC","College of Education","45","44","24","6","6","0","1.6","1","20","19","0"
"2022/2023","North West","Kano","Dala","Adakawa","Community Secondary School, Adakawa","Female","all","NABTEB","University","182","179","102","30","22","8","1.6","3","77","73","8"
"2022/2023","North West","Kano","Dala","Adakawa","Community Secondary School, Adakawa","Female","all","NECO","University","342","337","196","59","49","10","1.5","5","141","137","10"
"2022/2023","North West","Kano","Dala","Adakawa","Community Secondary School, Adakawa","Female","all","WAEC","University","416","410","238","74","67","7","1.5","6","172","164","7"
"2022/2023","North West","Kano","Dala","Adakawa","Community Secondary School, Adakawa","Female","disabled","NABTEB","University","14","14","7","0","0","0","1.6","0","7","7","0"
"2022/2023","North West","Kano","Dala","Adakawa","Community Secondary School, Adakawa","Female","disabled","NECO","University","31","31","18","6","6","0","1.5","0","13","12","0"
"2022/2023","North West","Kano","Dala","Adakawa","Community Secondary School, Adakawa","Female","disabled","WAEC","University","40","39","23","5","5","0","1.5","1","16","18","0"
"2022/2023","North West","Kano","Dala","Adakawa","Community Secondary School, Adakawa","Male","all","NABTEB","University","196","193","106","30","22","8","1.6","3","87","76","8"
"2022/2023","North West","Kano","Dala","Adakawa","Community Secondary School, Adakawa","Male","all","NECO","University","361","356","200","54","42","12","1.5","5","156","146","12"
"2022/2023","North West","Kano","Dala","Adakawa","Community Secondary School, Adakawa","Male","all","WAEC","University","407","401","247","84","73","11","1.5","6","154","163","11"
"2022/2023","North West","Kano","Dala","Adakawa","Community Secondary School, Adakawa","Male","disabled","NABTEB","University","18","18","8","0","0","0","1.6","0","10","8","0"
"2022/2023","North West","Kano","Dala","Adakawa","Community Secondary School, Adakawa","Male","disabled","NECO","University","31","31","18","6","6","0","1.5","0","13","12","0"
"2022/2023","North West","Kano","Dala","Adakawa","Community Secondary School, Adakawa","Male","disabled","WAEC","University","40","39","23","5","5","0","1.5","1","16","18","0"
"2022/2023","North West","Kano","Dala","Adakawa","Comprehensive High School, Adakawa","Female","all","NABTEB","College of Education","67","66","40","15","15","0","1.8","1","26","26","0"
"2022/2023","North West","Kano","Dala","Adakawa","Comprehensive High School, Adakawa","Female","all","NECO","College of Education","111","109","60","24","18","6","1.8","2","49","37","6"
"2022/2023","North West","Kano","Dala","Adakawa","Comprehensive High School, Adakawa","Female","all","WAEC","College of Education","157","155","88","37","34","3","1.8","2","67","52","3"
"2022/2023","North West","Kano","Dala","Adakawa","Comprehensive High School, Adakawa","Female","disabled","NABTEB","College of Education","14","14","7","0","0","0","1.8","0","7","7","0"
"2022/2023","North West","Kano","Dala","Adakawa","Comprehensive High School, Adakawa","Female","disabled","NECO","College of Education","15","15","7","6","6","0","1.8","0","8","1","0"
"2022/2023","North West","Kano","Dala","Adakawa","Comprehensive High School, Adakawa","Female","disabled","WAEC","College of Education","19","19","10","5","5","0","1.8","0","10","5","0"
"2022/2023","North West","Kano","Dala","Adakawa","Comprehensive High School, Adakawa","Male","all","NABTEB","College of Education","78","77","44","15","15","0","1.8","1","33","29","0"
"2022/2023","North West","Kano","Dala","Adakawa","Comprehensive High School, Adakawa","Male","all","NECO","College of Education","134","132","78","30","24","6","1.8","2","54","48","6"
"2022/2023","North West","Kano","Dala","Adakawa","Comprehensive High School, Adakawa","Male","all","WAEC","College of Education","197","194","115","32","28","4","1.8","3","79","84","4"
"2022/2023","North West","Kano","Dala","Adakawa","Comprehensive High School, Adakawa","Male","disabled","NABTEB","College of Education","14","14","7","0","0","0","1.8","0","7","7","0"
"2022/2023","North West","Kano","Dala","Adakawa","Comprehensive High School, Adakawa","Male","disabled","NECO","College of Education","19","19","10","6","6","0","1.8","0","9","5","0"
"2022/2023","North West","Kano","Dala","Adakawa","Comprehensive High School, Adakawa","Male","disabled","WAEC","College of Education","23","23","12","0","0","0","1.8","0","11","12","0"
"2022/2023","North West","Kano","Dala","Adakawa","Government Secondary School, Adakawa","Female","all","NABTEB","College of Education","178","175","110","44","37","7","1.8","3","65","67","7"
"2022/2023","North West","Kano","Dala","Adakawa","Government Secondary School, Adakawa","Female","all","NECO","College of Education","362","357","229","83","73","10","1.8","5","128","147","10"
"2022/2023","North West","Kano","Dala","Adakawa","Government Secondary School, Adakawa","Female","all","WAEC","College of Education","514","506","314","111","101","10","1.8","8","192","203","10"
"2022/2023","North West","Kano","Dala","Adakawa","Government Secondary School, Adakawa","Female","disabled","NABTEB","College of Education","21","21","12","7","7","0","1.8","0","9","6","0"
"2022/2023","North West","Kano","Dala","Adakawa","Government Secondary School, Adakawa","Female","disabled","NECO","College of Education","36","35","21","6","6","0","1.8","1","14","15","0"
"2022/2023","North West","Kano","Dala","Adakawa","Government Secondary School, Adakawa","Female","disabled","WAEC","College of Education","63","62","35","11","11","0","1.8","1","27","25","0"
"2022/2023","North West","Kano","Dala","Adakawa","Government Secondary School, Adakawa","Male","all","NABTEB","College of Education","175","172","116","44","37","7","1.8","3","56","72","7"
"2022/2023","North West","Kano","Dala","Adakawa","Government Secondary School, Adakawa","Male","all","NECO","College of Education","341","336","199","64","55","10","1.8","5","137","135","10"
"2022/2023","North West","Kano","Dala","Adakawa","Government Secondary School, Adakawa","Male","all","WAEC","College of Education","463","456","281","100","90","10","1.8","7","175","182","10"
"2022/2023","North West","Kano","Dala","Adakawa","Government Secondary School, Adakawa","Male","disabled","NABTEB","College of Education","18","18","12","7","7","0","1.8","0","6","6","0"
"2022/2023","North West","Kano","Dala","Adakawa","Government Secondary School, Adakawa","Male","disabled","NECO","College of Education","36","35","21","6","6","0","1.8","1","14","15","0"
"2022/2023","North West","Kano","Dala","Adakawa","Government Secondary School, Adakawa","Male","disabled","WAEC","College of Education","55","54","32","11","11","0","1.8","1","22","22","0"
"2022/2023","North West","Kano","Dala","Adakawa","Unity College, Dala","Female","all","NABTEB","University","166","164","102","37","30","7","1.6","2","62","66","7"
"2022/2023","North West","Kano","Dala","Adakawa","Unity College, Dala","Female","all","NECO","University","270","266","153","48","42","6","1.5","4","113","105","6"
"2022/2023","North West","Kano","Dala","Adakawa","Unity College, Dala","Female","all","WAEC","University","392","386","221","74","67","7","1.5","6","165","148","7"
"2022/2023","North West","Kano","Dala","Adakawa","Unity College, Dala","Female","disabled","NABTEB","University","21","21","12","7","7","0","1.6","0","9","6","0"
"2022/2023","North West","Kano","Dala","Adakawa","Unity College, Dala","Female","disabled","NECO","University","36","35","18","6","6","0","1.5","1","17","12","0"
"2022/2023","North West","Kano","Dala","Adakawa","Unity College, Dala","Female","disabled","WAEC","University","47","46","26","5","6","0","1.5","1","20","22","0"
"2022/2023","North West","Kano","Dala","Adakawa","Unity College, Dala","Male","all","NABTEB","University","143","141","86","22","15","7","1.6","2","55","65","7"
"2022/2023","North West","Kano","Dala","Adakawa","Unity College, Dala","Male","all","NECO","University","279","275","157","48","42","6","1.5","4","118","110","6"
"2022/2023","North West","Kano","Dala","Adakawa","Unity College, Dala","Male","all","WAEC","University","355","350","208","58","50","8","1.5","5","142","150","8"
"2022/2023","North West","Kano","Dala","Adakawa","Unity College, Dala","Male","disabled","NABTEB","University","18","18","8","0","0","0","1.6","0","10","8","0"
"2022/2023","North West","Kano","Dala","Adakawa","Unity College, Dala","Male","disabled","NECO","University","36","35","21","6","6","0","1.5","1","14","15","0"
"2022/2023","North West","Kano","Dala","Adakawa","Unity College, Dala","Male","disabled","WAEC","University","43","42","22","5","5","0","1.5","1","20","18","0"
"2022/2023","North West","Kano","Dala","Bakin Ruwa","Community Secondary School, Bakin Ruwa","Female","all","NABTEB","College of Education","189","186","110","37","30","7","1.8","3","76","74","7"
"2022/2023","North West","Kano","Dala","Bakin Ruwa","Community Secondary School, Bakin Ruwa","Female","all","NECO","College of Education","418","412","247","83","73","10","1.8","6","165","165","10"
"2022/2023","North West","Kano","Dala","Bakin Ruwa","Community Secondary School, Bakin Ruwa","Female","all","WAEC","College of Education","451","444","257","84","78","6","1.8","7","187","173","6"
"2022/2023","North West","Kano","Dala","Bakin Ruwa","Community Secondary School, Bakin Ruwa","Female","disabled","NABTEB","College of Education","18","18","12","7","7","0","1.8","0","6","6","0"
"2022/2023","North West","Kano","Dala","Bakin Ruwa","Community Secondary School, Bakin Ruwa","Female","disabled","NECO","College of Education","40","39","21","6","6","0","1.8","1","18","15","0"
"2022/2023","North West","Kano","Dala","Bakin Ruwa","Community Secondary School, Bakin Ruwa","Female","disabled","WAEC","College of Education","47","46","25","5","6","0","1.8","1","21","21","0"
"2022/2023","North West","Kano","Dala","Bakin Ruwa","Community Secondary School, Bakin Ruwa","Male","all","NABTEB","College of Education","178","175","110","37","30","7","1.8","3","65","74","7"
"2022/2023","North West","Kano","Dala","Bakin Ruwa","Community Secondary School, Bakin Ruwa","Male","all","NECO","College of Education","382","376","218","71","61","10","1.8","6","158","147","10"
"2022/2023","North West","Kano","Dala","Bakin Ruwa","Community Secondary School, Bakin Ruwa","Male","all","WAEC","College of Education","407","401","244","79","73","6","1.8","6","157","165","6"
"2022/2023","North West","Kano","Dala","Bakin Ruwa","Community Secondary School, Bakin Ruwa","Male","disabled","NABTEB","College of Education","18","18","12","7","7","0","1.8","0","6","6","0"
"2022/2023","North West","Kano","Dala","Bakin Ruwa","Community Secondary School, Bakin Ruwa","Male","disabled","NECO","College of Education","40","39","21","6","6","0","1.8","1","18","15","0"
"2022/2023","North West","Kano","Dala","Bakin Ruwa","Community Secondary School, Bakin Ruwa","Male","disabled","WAEC","College of Education","47","46","26","5","5","0","1.8","1","20","22","0"
"2022/2023","North West","Kano","Dala","Bakin Ruwa","Comprehensive High School, Bakin Ruwa","Female","all","NABTEB","College of Education","117","115","73","30","30","0","1.8","2","42","44","0"
"2022/2023","North West","Kano","Dala","Bakin Ruwa","Comprehensive High School, Bakin Ruwa","Female","all","NECO","College of Education","206","203","135","48","42","6","1.8","3","68","87","6"
"2022/2023","North West","Kano","Dala","Bakin Ruwa","Comprehensive High School, Bakin Ruwa","Female","all","WAEC","College of Education","260","256","168","67","62","6","1.8","4","88","100","6"
"2022/2023","North West","Kano","Dala","Bakin Ruwa","Comprehensive High School, Bakin Ruwa","Female","disabled","NABTEB","College of Education","14","14","7","7","7","0","1.8","0","7","1","0"
"2022/2023","North West","Kano","Dala","Bakin Ruwa","Comprehensive High School, Bakin Ruwa","Female","disabled","NECO","College of Education","27","27","17","6","6","0","1.8","0","10","12","0"
"2022/2023","North West","Kano","Dala","Bakin Ruwa","Comprehensive High School, Bakin Ruwa","Female","disabled","WAEC","College of Education","36","35","20","5","5","0","1.8","1","15","15","0"
"2022/2023","North West","Kano","Dala","Bakin Ruwa","Comprehensive High School, Bakin Ruwa","Male","all","NABTEB","College of Education","128","126","77","37","30","7","1.8","2","49","41","7"
"2022/2023","North West","Kano","Dala","Bakin Ruwa","Comprehensive High School, Bakin Ruwa","Male","all","NECO","College of Education","230","227","142","53","49","4","1.8","3","85","90","4"
"2022/2023","North West","Kano","Dala","Bakin Ruwa","Comprehensive High School, Bakin Ruwa","Male","all","WAEC","College of Education","288","284","175","68","62","6","1.8","4","109","108","6"
"2022/2023","North West","Kano","Dala","Bakin Ruwa","Comprehensive High School, Bakin Ruwa","Male","disabled","NABTEB","College of Education","18","18","12","7","7","0","1.8","0","6","6","0"
"2022/2023","North West","Kano","Dala","Bakin Ruwa","Comprehensive High School, Bakin Ruwa","Male","disabled","NECO","College of Education","36","35","21","6","6","0","1.8","1","14","15","0"
"2022/2023","North West","Kano","Dala","Bakin Ruwa","Comprehensive High School, Bakin Ruwa","Male","disabled","WAEC","College of Education","43","42","26","11","11","0","1.8","1","16","16","0"
"2022/2023","North West","Kano","Dala","Bakin Ruwa","Government Secondary School, Bakin Ruwa","Female","all","NABTEB","College of Education","135","133","86","30","30","0","1.8","2","47","56","0"
"2022/2023","North West","Kano","Dala","Bakin Ruwa","Government Secondary School, Bakin Ruwa","Female","all","NECO","College of Education","262","258","164","64","55","10","1.8","4","94","99","10"
"2022/2023","North West","Kano","Dala","Bakin Ruwa","Government Secondary School, Bakin Ruwa","Female","all","WAEC","College of Education","340","335","218","89","78","11","1.8","5","117","130","11"
"2022/2023","North West","Kano","Dala","Bakin Ruwa","Government Secondary School, Bakin Ruwa","Female","disabled","NABTEB","College of Education","14","14","7","7","7","0","1.8","0","7","1","0"
"2022/2023","North West","Kano","Dala","Bakin Ruwa","Government Secondary School, Bakin Ruwa","Female","disabled","NECO","College of Education","27","27","14","6","6","0","1.8","0","14","8","0"
"2022/2023","North West","Kano","Dala","Bakin Ruwa","Government Secondary School, Bakin Ruwa","Female","disabled","WAEC","College of Education","31","31","17","5","6","0","1.8","0","14","12","0"
"2022/2023","North West","Kano","Dala","Bakin Ruwa","Government Secondary School, Bakin Ruwa","Male","all","NABTEB","College of Education","158","156","102","37","30","7","1.8","2","54","66","7"
"2022/2023","North West","Kano","Dala","Bakin Ruwa","Government Secondary School, Bakin Ruwa","Male","all","NECO","College of Education","318","313","196","65","55","10","1.8","5","117","131","10"
"2022/2023","North West","Kano","Dala","Bakin Ruwa","Government Secondary School, Bakin Ruwa","Male","all","WAEC","College of Education","363","358","214","79","67","12","1.8","5","144","135","12"
"2022/2023","North West","Kano","Dala","Bakin Ruwa","Government Secondary School, Bakin Ruwa","Male","disabled","NABTEB","College of Education","14","14","7","0","0","0","1.8","0","7","7","0"
"2022/2023","North West","Kano","Dala","Bakin Ruwa","Government Secondary School, Bakin Ruwa","Male","disabled","NECO","College of Education","31","31","18","6","6","0","1.8","0","13","12","0"
"2022/2023","North West","Kano","Dala","Bakin Ruwa","Government Secondary School, Bakin Ruwa","Male","disabled","WAEC","College of Education","36","35","20","5","6","0","1.8","1","15","15","0"
"2022/2023","North West","Kano","Dala","Bakin Ruwa","Unity College, Dala","Female","all","NABTEB","University","77","76","48","21","21","0","1.6","1","28","27","0"
"2022/2023","North West","Kano","Dala","Bakin Ruwa","Unity College, Dala","Female","all","NECO","University","127","125","74","30","24","6","1.5","2","51","45","6"
"2022/2023","North West","Kano","Dala","Bakin Ruwa","Unity College, Dala","Female","all","WAEC","University","185","182","115","46","45","2","1.5","3","67","68","2"
"2022/2023","North West","Kano","Dala","Bakin Ruwa","Unity College, Dala","Female","disabled","NABTEB","University","14","14","7","7","7","0","1.6","0","7","1","0"
"2022/2023","North West","Kano","Dala","Bakin Ruwa","Unity College, Dala","Female","disabled","NECO","University","15","15","7","6","6","0","1.5","0","8","1","0"
"2022/2023","North West","Kano","Dala","Bakin Ruwa","Unity College, Dala","Female","disabled","WAEC","University","23","23","13","5","6","0","1.5","0","10","8","0"
"2022/2023","North West","Kano","Dala","Bakin Ruwa","Unity College, Dala","Male","all","NABTEB","University","82","81","49","22","22","0","1.6","1","32","28","0"
"2022/2023","North West","Kano","Dala","Bakin Ruwa","Unity College, Dala","Male","all","NECO","University","123","121","81","30","24","6","1.5","2","40","52","6"
"2022/2023","North West","Kano","Dala","Bakin Ruwa","Unity College, Dala","Male","all","WAEC","University","169","166","102","37","34","3","1.5","3","64","65","3"
"2022/2023","North West","Kano","Dala","Bakin Ruwa","Unity College, Dala","Male","disabled","NABTEB","University","14","14","7","7","7","0","1.6","0","7","1","0"
"2022/2023","North West","Kano","Dala","Bakin Ruwa","Unity College, Dala","Male","disabled","NECO","University","15","15","10","6","6","0","1.5","0","5","5","0"
"2022/2023","North West","Kano","Dala","Bakin Ruwa","Unity College, Dala","Male","disabled","WAEC","University","23","23","13","5","6","0","1.5","0","10","8","0"
"2022/2023","North West","Kano","Dala","Dala","Community Secondary School, Dala","Female","all","NABTEB","Polytechnic","139","137","73","22","22","0","1.7","2","64","52","0"
"2022/2023","North West","Kano","Dala","Dala","Community Secondary School, Dala","Female","all","NECO","Polytechnic","262","258","153","42","36","6","1.6","4","105","111","6"
"2022/2023","North West","Kano","Dala","Dala","Community Secondary School, Dala","Female","all","WAEC","Polytechnic","359","354","198","58","50","8","1.6","5","156","140","8"
"2022/2023","North West","Kano","Dala","Dala","Community Secondary School, Dala","Female","disabled","NABTEB","Polytechnic","14","14","7","0","0","0","1.7","0","7","7","0"
"2022/2023","North West","Kano","Dala","Dala","Community Secondary School, Dala","Female","disabled","NECO","Polytechnic","31","31","18","6","6","0","1.6","0","13","12","0"
"2022/2023","North West","Kano","Dala","Dala","Community Secondary School, Dala","Female","disabled","WAEC","Polytechnic","40","39","20","5","6","0","1.6","1","19","15","0"
"2022/2023","North West","Kano","Dala","Dala","Community Secondary School, Dala","Male","all","NABTEB","Polytechnic","143","141","77","15","15","0","1.7","2","64","63","0"
"2022/2023","North West","Kano","Dala","Dala","Community Secondary School, Dala","Male","all","NECO","Polytechnic","314","309","175","42","36","6","1.6","5","134","133","6"
"2022/2023","North West","Kano","Dala","Dala","Community Secondary School, Dala","Male","all","WAEC","Polytechnic","383","377","214","53","45","8","1.6","6","163","161","8"
"2022/2023","North West","Kano","Dala","Dala","Community Secondary School, Dala","Male","disabled","NABTEB","Polytechnic","14","14","7","0","0","0","1.7","0","7","7","0"
"2022/2023","North West","Kano","Dala","Dala","Community Secondary School, Dala","Male","disabled","NECO","Polytechnic","36","35","18","6","6","0","1.6","1","17","12","0"
"2022/2023","North West","Kano","Dala","Dala","Community Secondary School, Dala","Male","disabled","WAEC","Polytechnic","40","39","23","5","5","0","1.6","1","16","18","0"
"2022/2023","North West","Kano","Dala","Dala","Comprehensive High School, Dala","Female","all","NABTEB","College of Education","93","92","49","15","15","0","1.8","1","43","34","0"
"2022/2023","North West","Kano","Dala","Dala","Comprehensive High School, Dala","Female","all","NECO","College of Education","154","152","89","30","24","6","1.8","2","63","59","6"
"2022/2023","North West","Kano","Dala","Dala","Comprehensive High School, Dala","Female","all","WAEC","College of Education","197","194","112","26","22","4","1.8","3","82","87","4"
"2022/2023","North West","Kano","Dala","Dala","Comprehensive High School, Dala","Female","disabled","NABTEB","College of Education","14","14","7","0","0","0","1.8","0","7","7","0"
"2022/2023","North West","Kano","Dala","Dala","Comprehensive High School, Dala","Female","disabled","NECO","College of Education","15","15","7","0","0","0","1.8","0","8","7","0"
"2022/2023","North West","Kano","Dala","Dala","Comprehensive High School, Dala","Female","disabled","WAEC","College of Education","19","19","10","0","0","0","1.8","0","10","10","0"
"2022/2023","North West","Kano","Dala","Dala","Comprehensive High School, Dala","Male","all","NABTEB","College of Education","102","100","57","15","15","0","1.8","2","43","43","0"
"2022/2023","North West","Kano","Dala","Dala","Comprehensive High School, Dala","Male","all","NECO","College of Education","214","211","125","30","24","6","1.8","3","86","95","6"
"2022/2023","North West","Kano","Dala","Dala","Comprehensive High School, Dala","Male","all","WAEC","College of Education","249","245","148","47","45","2","1.8","4","97","102","2"
"2022/2023","North West","Kano","Dala","Dala","Comprehensive High School, Dala","Male","disabled","NABTEB","College of Education","14","14","7","0","0","0","1.8","0","7","7","0"
"2022/2023","North West","Kano","Dala","Dala","Comprehensive High School, Dala","Male","disabled","NECO","College of Education","19","19","10","0","0","0","1.8","0","9","10","0"
"2022/2023","North West","Kano","Dala","Dala","Comprehensive High School, Dala","Male","disabled","WAEC","College of Education","23","23","12","5","5","0","1.8","0","11","8","0"
"2022/2023","North West","Kano","Dala","Dala","Government Secondary School, Dala","Female","all","NABTEB","University","128","126","73","22","15","7","1.6","2","53","52","7"
"2022/2023","North West","Kano","Dala","Dala","Government Secondary School, Dala","Female","all","NECO","University","246","242","150","48","43","5","1.5","4","92","102","5"
"2022/2023","North West","Kano","Dala","Dala","Government Secondary School, Dala","Female","all","WAEC","University","320","315","191","58","50","8","1.5","5","124","133","8"
"2022/2023","North West","Kano","Dala","Dala","Government Secondary School, Dala","Female","disabled","NABTEB","University","14","14","7","0","0","0","1.6","0","7","7","0"
"2022/2023","North West","Kano","Dala","Dala","Government Secondary School, Dala","Female","disabled","NECO","University","31","31","18","6","6","0","1.5","0","13","12","0"
"2022/2023","North West","Kano","Dala","Dala","Government Secondary School, Dala","Female","disabled","WAEC","University","36","35","20","5","6","0","1.5","1","15","15","0"
"2022/2023","North West","Kano","Dala","Dala","Government Secondary School, Dala","Male","all","NABTEB","University","157","155","90","30","22","8","1.6","2","65","60","8"
"2022/2023","North West","Kano","Dala","Dala","Government Secondary School, Dala","Male","all","NECO","University","307","302","186","54","43","11","1.5","5","116","133","11"
"2022/2023","North West","Kano","Dala","Dala","Government Secondary School, Dala","Male","all","WAEC","University","383","377","214","74","67","7","1.5","6","163","140","7"
"2022/2023","North West","Kano","Dala","Dala","Government Secondary School, Dala","Male","disabled","NABTEB","University","21","21","12","7","7","0","1.6","0","9","6","0"
"2022/2023","North West","Kano","Dala","Dala","Government Secondary School, Dala","Male","disabled","NECO","University","36","35","21","6","6","0","1.5","1","14","15","0"
"2022/2023","North West","Kano","Dala","Dala","Government Secondary School, Dala","Male","disabled","WAEC","University","43","42","22","5","5","0","1.5","1","20","18","0"
"2022/2023","North West","Kano","Dala","Dala","Unity College, Dala","Female","all","NABTEB","University","125","123","82","37","30","7","1.6","2","41","46","7"
"2022/2023","North West","Kano","Dala","Dala","Unity College, Dala","Female","all","NECO","University","210","207","132","52","49","4","1.5","3","75","79","4"
"2022/2023","North West","Kano","Dala","Dala","Unity College, Dala","Female","all","WAEC","University","316","311","201","74","67","7","1.5","5","110","127","7"
"2022/2023","North West","Kano","Dala","Dala","Unity College, Dala","Female","disabled","NABTEB","University","14","14","7","7","7","0","1.6","0","7","1","0"
"2022/2023","North West","Kano","Dala","Dala","Unity College, Dala","Female","disabled","NECO","University","27","27","14","6","6","0","1.5","0","14","8","0"
"2022/2023","North West","Kano","Dala","Dala","Unity College, Dala","Female","disabled","WAEC","University","40","39","23","5","6","0","1.5","1","16","18","0"
"2022/2023","North West","Kano","Dala","Dala","Unity College, Dala","Male","all","NABTEB","University","151","149","102","37","30","7","1.6","2","47","66","7"
"2022/2023","North West","Kano","Dala","Dala","Unity College, Dala","Male","all","NECO","University","291","287","179","65","55","10","1.5","4","108","114","10"
"2022/2023","North West","Kano","Dala","Dala","Unity College, Dala","Male","all","WAEC","University","391","385","244","84","73","11","1.5","6","141","160","11"
"2022/2023","North West","Kano","Dala","Dala","Unity College, Dala","Male","disabled","NABTEB","University","18","18","12","7","7","0","1.6","0","6","6","0"
"2022/2023","North West","Kano","Dala","Dala","Unity College, Dala","Male","disabled","NECO","University","40","39","25","6","6","0","1.5","1","14","19","0"
"2022/2023","North West","Kano","Dala","Dala","Unity College, Dala","Male","disabled","WAEC","University","51","50","29","11","11","0","1.5","1","21","19","0"
"2022/2023","North West","Kano","Fagge","Fagge A","Community Secondary School, Fagge A","Female","all","NABTEB","College of Education","127","125","73","22","15","7","1.8","2","52","51","7"
"2022/2023","North West","Kano","Fagge","Fagge A","Community Secondary School, Fagge A","Female","all","NECO","College of Education","247","243","139","42","36","6","1.8","4","104","98","6"
"2022/2023","North West","Kano","Fagge","Fagge A","Community Secondary School, Fagge A","Female","all","WAEC","College of Education","367","362","211","58","50","8","1.8","5","151","153","8"
"2022/2023","North West","Kano","Fagge","Fagge A","Community Secondary School, Fagge A","Female","disabled","NABTEB","College of Education","14","14","7","0","0","0","1.8","0","7","7","0"
"2022/2023","North West","Kano","Fagge","Fagge A","Community Secondary School, Fagge A","Female","disabled","NECO","College of Education","31","31","18","6","6","0","1.8","0","13","12","0"
"2022/2023","North West","Kano","Fagge","Fagge A","Community Secondary School, Fagge A","Female","disabled","WAEC","College of Education","47","46","23","5","6","0","1.8","1","23","18","0"
"2022/2023","North West","Kano","Fagge","Fagge A","Community Secondary School, Fagge A","Male","all","NABTEB","College of Education","131","129","69","15","15","0","1.8","2","60","54","0"
"2022/2023","North West","Kano","Fagge","Fagge A","Community Secondary School, Fagge A","Male","all","NECO","College of Education","267","263","160","36","30","6","1.8","4","103","125","6"
"2022/2023","North West","Kano","Fagge","Fagge A","Community Secondary School, Fagge A","Male","all","WAEC","College of Education","359","354","211","53","50","3","1.8","5","143","158","3"
"2022/2023","North West","Kano","Fagge","Fagge A","Community Secondary School, Fagge A","Male","disabled","NABTEB","College of Education","17","17","7","0","0","0","1.8","0","10","7","0"
"2022/2023","North West","Kano","Fagge","Fagge A","Community Secondary School, Fagge A","Male","disabled","NECO","College of Education","31","31","18","6","6","0","1.8","0","13","12","0"
"2022/2023","North West","Kano","Fagge","Fagge A","Community Secondary School, Fagge A","Male","disabled","WAEC","College of Education","43","42","22","5","6","0","1.8","1","20","18","0"
"2022/2023","North West","Kano","Fagge","Fagge A","Comprehensive High School, Fagge A","Female","all","NABTEB","Polytechnic","71","70","44","22","22","0","1.7","1","26","23","0"
"2022/2023","North West","Kano","Fagge","Fagge A","Comprehensive High School, Fagge A","Female","all","NECO","Polytechnic","127","125","78","30","24","6","1.6","2","47","49","6"
"2022/2023","North West","Kano","Fagge","Fagge A","Comprehensive High School, Fagge A","Female","all","WAEC","Polytechnic","153","151","95","37","34","3","1.6","2","56","59","3"
"2022/2023","North West","Kano","Fagge","Fagge A","Comprehensive High School, Fagge A","Female","disabled","NABTEB","Polytechnic","14","14","7","7","7","0","1.7","0","7","1","0"
"2022/2023","North West","Kano","Fagge","Fagge A","Comprehensive High School, Fagge A","Female","disabled","NECO","Polytechnic","15","15","7","6","6","0","1.6","0","8","1","0"
"2022/2023","North West","Kano","Fagge","Fagge A","Comprehensive High School, Fagge A","Female","disabled","WAEC","Polytechnic","15","15","9","5","6","0","1.6","0","6","5","0"
"2022/2023","North West","Kano","Fagge","Fagge A","Comprehensive High School, Fagge A","Male","all","NABTEB","Polytechnic","81","80","53","21","21","0","1.7","1","27","31","0"
"2022/2023","North West","Kano","Fagge","Fagge A","Comprehensive High School, Fagge A","Male","all","NECO","Polytechnic","162","160","107","42","36","6","1.6","2","53","66","6"
"2022/2023","North West","Kano","Fagge","Fagge A","Comprehensive High School, Fagge A","Male","all","WAEC","Polytechnic","201","198","122","53","45","8","1.6","3","76","70","8"
"2022/2023","North West","Kano","Fagge","Fagge A","Comprehensive High School, Fagge A","Male","disabled","NABTEB","Polytechnic","14","14","7","7","7","0","1.7","0","7","1","0"
"2022/2023","North West","Kano","Fagge","Fagge A","Comprehensive High School, Fagge A","Male","disabled","NECO","Polytechnic","15","15","10","6","6","0","1.6","0","5","5","0"
"2022/2023","North West","Kano","Fagge","Fagge A","Comprehensive High School, Fagge A","Male","disabled","WAEC","Polytechnic","15","15","9","5","5","0","1.6","0","6","5","0"
"2022/2023","North West","Kano","Fagge","Fagge A","Government Secondary School, Fagge A","Female","all","NABTEB","University","200","197","123","44","37","7","1.6","3","74","80","7"
"2022/2023","North West","Kano","Fagge","Fagge A","Government Secondary School, Fagge A","Female","all","NECO","University","357","352","225","77","67","10","1.5","5","127","148","10"
"2022/2023","North West","Kano","Fagge","Fagge A","Government Secondary School, Fagge A","Female","all","WAEC","University","434","428","261","89","78","11","1.5","6","167","172","11"
"2022/2023","North West","Kano","Fagge","Fagge A","Government Secondary School, Fagge A","Female","disabled","NABTEB","University","25","25","16","7","7","0","1.6","0","9","10","0"
"2022/2023","North West","Kano","Fagge","Fagge A","Government Secondary School, Fagge A","Female","disabled","NECO","University","44","43","25","6","6","0","1.5","1","18","19","0"
"2022/2023","North West","Kano","Fagge","Fagge A","Government Secondary School, Fagge A","Female","disabled","WAEC","University","47","46","29","11","11","0","1.5","1","17","19","0"
"2022/2023","North West","Kano","Fagge","Fagge A","Government Secondary School, Fagge A","Male","all","NABTEB","University","200","197","123","44","37","7","1.6","3","74","80","7"
"2022/2023","North West","Kano","Fagge","Fagge A","Government Secondary School, Fagge A","Male","all","NECO","University","361","356","214","71","61","10","1.5","5","142","143","10"
"2022/2023","North West","Kano","Fagge","Fagge A","Government Secondary School, Fagge A","Male","all","WAEC","University","447","440","274","89","84","5","1.5","7","166","185","5"
"2022/2023","North West","Kano","Fagge","Fagge A","Government Secondary School, Fagge A","Male","disabled","NABTEB","University","21","21","12","7","7","0","1.6","0","9","6","0"
"2022/2023","North West","Kano","Fagge","Fagge A","Government Secondary School, Fagge A","Male","disabled","NECO","University","44","43","25","6","6","0","1.5","1","18","19","0"
"2022/2023","North West","Kano","Fagge","Fagge A","Government Secondary School, Fagge A","Male","disabled","WAEC","University","51","50","29","11","11","0","1.5","1","21","19","0"
"2022/2023","North West","Kano","Fagge","Fagge A","Unity College, Fagge","Female","all","NABTEB","University","127","125","77","30","22","8","1.6","2","48","47","8"
"2022/2023","North West","Kano","Fagge","Fagge A","Unity College, Fagge","Female","all","NECO","University","254","250","146","53","49","4","1.5","4","104","93","4"
"2022/2023","North West","Kano","Fagge","Fagge A","Unity College, Fagge","Female","all","WAEC","University","339","334","208","58","50","8","1.5","5","126","150","8"
"2022/2023","North West","Kano","Fagge","Fagge A","Unity College, Fagge","Female","disabled","NABTEB","University","18","18","11","7","7","0","1.6","0","7","5","0"
"2022/2023","North West","Kano","Fagge","Fagge A","Unity College, Fagge","Female","disabled","NECO","University","36","35","21","6","6","0","1.5","1","14","15","0"
"2022/2023","North West","Kano","Fagge","Fagge A","Unity College, Fagge","Female","disabled","WAEC","University","47","46","26","5","5","0","1.5","1","20","22","0"
"2022/2023","North West","Kano","Fagge","Fagge A","Unity College, Fagge","Male","all","NABTEB","University","123","121","72","15","15","0","1.6","2","49","58","0"
"2022/2023","North West","Kano","Fagge","Fagge A","Unity College, Fagge","Male","all","NECO","University","218","215","132","48","43","5","1.5","3","83","84","5"
"2022/2023","North West","Kano","Fagge","Fagge A","Unity College, Fagge","Male","all","WAEC","University","321","316","184","53","45","8","1.5","5","132","132","8"
"2022/2023","North West","Kano","Fagge","Fagge A","Unity College, Fagge","Male","disabled","NABTEB","University","19","19","8","0","0","0","1.6","0","11","8","0"
"2022/2023","North West","Kano","Fagge","Fagge A","Unity College, Fagge","Male","disabled","NECO","University","31","31","18","6","6","0","1.5","0","13","12","0"
"2022/2023","North West","Kano","Fagge","Fagge A","Unity College, Fagge","Male","disabled","WAEC","University","43","42","22","5","6","0","1.5","1","20","18","0"
"2022/2023","North West","Kano","Fagge","Fagge B","Community Secondary School, Fagge B","Female","all","NABTEB","Polytechnic","124","122","69","15","15","0","1.7","2","53","55","0"
"2022/2023","North West","Kano","Fagge","Fagge B","Community Secondary School, Fagge B","Female","all","NECO","Polytechnic","254","250","150","48","43","5","1.6","4","100","102","5"
"2022/2023","North West","Kano","Fagge","Fagge B","Community Secondary School, Fagge B","Female","all","WAEC","Polytechnic","292","288","171","53","45","8","1.6","4","117","119","8"
"2022/2023","North West","Kano","Fagge","Fagge B","Community Secondary School, Fagge B","Female","disabled","NABTEB","Polytechnic","14","14","7","0","0","0","1.7","0","7","7","0"
"2022/2023","North West","Kano","Fagge","Fagge B","Community Secondary School, Fagge B","Female","disabled","NECO","Polytechnic","31","31","18","6","6","0","1.6","0","13","12","0"
"2022/2023","North West","Kano","Fagge","Fagge B","Community Secondary School, Fagge B","Female","disabled","WAEC","Polytechnic","36","35","20","5","6","0","1.6","1","15","15","0"
"2022/2023","North West","Kano","Fagge","Fagge B","Community Secondary School, Fagge B","Male","all","NABTEB","Polytechnic","158","156","98","30","22","8","1.7","2","58","69","8"
"2022/2023","North West","Kano","Fagge","Fagge B","Community Secondary School, Fagge B","Male","all","NECO","Polytechnic","259","255","146","42","36","6","1.6","4","109","105","6"
"2022/2023","North West","Kano","Fagge","Fagge B","Community Secondary School, Fagge B","Male","all","WAEC","Polytechnic","355","350","221","58","50","8","1.6","5","129","163","8"
"2022/2023","North West","Kano","Fagge","Fagge B","Community Secondary School, Fagge B","Male","disabled","NABTEB","Polytechnic","18","18","8","0","0","0","1.7","0","10","8","0"
"2022/2023","North West","Kano","Fagge","Fagge B","Community Secondary School, Fagge B","Male","disabled","NECO","Polytechnic","31","31","18","6","6","0","1.6","0","13","12","0"
"2022/2023","North West","Kano","Fagge","Fagge B","Community Secondary School, Fagge B","Male","disabled","WAEC","Polytechnic","43","42","25","5","6","0","1.6","1","17","21","0"
"2022/2023","North West","Kano","Fagge","Fagge B","Comprehensive High School, Fagge B","Female","all","NABTEB","College of Education","75","74","49","22","22","0","1.8","1","25","28","0"
"2022/2023","North West","Kano","Fagge","Fagge B","Comprehensive High School, Fagge B","Female","all","NECO","College of Education","154","152","96","41","36","6","1.8","2","56","54","6"
"2022/2023","North West","Kano","Fagge","Fagge B","Comprehensive High School, Fagge B","Female","all","WAEC","College of Education","178","175","108","42","39","3","1.8","3","67","67","3"
"2022/2023","North West","Kano","Fagge","Fagge B","Comprehensive High School, Fagge B","Female","disabled","NABTEB","College of Education","15","15","8","8","8","0","1.8","0","7","0","0"
"2022/2023","North West","Kano","Fagge","Fagge B","Comprehensive High School, Fagge B","Female","disabled","NECO","College of Education","15","15","10","6","6","0","1.8","0","5","5","0"
"2022/2023","North West","Kano","Fagge","Fagge B","Comprehensive High School, Fagge B","Female","disabled","WAEC","College of Education","19","19","12","5","6","0","1.8","0","7","8","0"
"2022/2023","North West","Kano","Fagge","Fagge B","Comprehensive High School, Fagge B","Male","all","NABTEB","College of Education","82","81","53","22","22","0","1.8","1","28","32","0"
"2022/2023","North West","Kano","Fagge","Fagge B","Comprehensive High School, Fagge B","Male","all","NECO","College of Education","171","168","103","42","36","6","1.8","3","65","62","6"
"2022/2023","North West","Kano","Fagge","Fagge B","Comprehensive High School, Fagge B","Male","all","WAEC","College of Education","202","199","123","53","45","8","1.8","3","76","70","8"
"2022/2023","North West","Kano","Fagge","Fagge B","Comprehensive High School, Fagge B","Male","disabled","NABTEB","College of Education","14","14","7","7","7","1","1.8","0","7","0","1"
"2022/2023","North West","Kano","Fagge","Fagge B","Comprehensive High School, Fagge B","Male","disabled","NECO","College of Education","23","23","13","6","6","0","1.8","0","10","8","0"
"2022/2023","North West","Kano","Fagge","Fagge B","Comprehensive High School, Fagge B","Male","disabled","WAEC","College of Education","23","23","13","5","6","0","1.8","0","10","8","0"
"2022/2023","North West","Kano","Fagge","Fagge B","Government Secondary School, Fagge B","Female","all","NABTEB","Polytechnic","106","104","65","15","15","0","1.7","2","39","51","0"
"2022/2023","North West","Kano","Fagge","Fagge B","Government Secondary School, Fagge B","Female","all","NECO","Polytechnic","194","191","114","30","24","6","1.6","3","77","84","6"
"2022/2023","North West","Kano","Fagge","Fagge B","Government Secondary School, Fagge B","Female","all","WAEC","Polytechnic","248","244","135","42","39","3","1.6","4","109","93","3"
"2022/2023","North West","Kano","Fagge","Fagge B","Government Secondary School, Fagge B","Female","disabled","NABTEB","Polytechnic","15","15","8","0","0","0","1.7","0","7","8","0"
"2022/2023","North West","Kano","Fagge","Fagge B","Government Secondary School, Fagge B","Female","disabled","NECO","Polytechnic","15","15","7","0","0","0","1.6","0","8","7","0"
"2022/2023","North West","Kano","Fagge","Fagge B","Government Secondary School, Fagge B","Female","disabled","WAEC","Polytechnic","23","23","13","5","6","0","1.6","0","10","8","0"
"2022/2023","North West","Kano","Fagge","Fagge B","Government Secondary School, Fagge B","Male","all","NABTEB","Polytechnic","106","104","57","15","15","0","1.7","2","47","43","0"
"2022/2023","North West","Kano","Fagge","Fagge B","Government Secondary School, Fagge B","Male","all","NECO","Polytechnic","171","168","96","24","18","6","1.6","3","72","73","6"
"2022/2023","North West","Kano","Fagge","Fagge B","Government Secondary School, Fagge B","Male","all","WAEC","Polytechnic","220","217","128","32","28","4","1.6","3","89","96","4"
"2022/2023","North West","Kano","Fagge","Fagge B","Government Secondary School, Fagge B","Male","disabled","NABTEB","Polytechnic","15","15","8","0","0","0","1.7","0","7","8","0"
"2022/2023","North West","Kano","Fagge","Fagge B","Government Secondary School, Fagge B","Male","disabled","NECO","Polytechnic","15","15","7","0","0","0","1.6","0","8","7","0"
"2022/2023","North West","Kano","Fagge","Fagge B","Government Secondary School, Fagge B","Male","disabled","WAEC","Polytechnic","23","23","13","5","6","0","1.6","0","10","8","0"
"2022/2023","North West","Kano","Fagge","Fagge B","Unity College, Fagge","Female","all","NABTEB","University","118","116","70","30","22","8","1.6","2","46","40","8"
"2022/2023","North West","Kano","Fagge","Fagge B","Unity College, Fagge","Female","all","NECO","University","234","231","150","59","49","10","1.5","3","81","92","10"
"2022/2023","North West","Kano","Fagge","Fagge B","Unity College, Fagge","Female","all","WAEC","University","304","299","188","83","77","6","1.5","5","111","104","6"
"2022/2023","North West","Kano","Fagge","Fagge B","Unity College, Fagge","Female","disabled","NABTEB","University","15","15","8","8","8","0","1.6","0","7","0","0"
"2022/2023","North West","Kano","Fagge","Fagge B","Unity College, Fagge","Female","disabled","NECO","University","23","23","13","6","6","0","1.5","0","10","8","0"
"2022/2023","North West","Kano","Fagge","Fagge B","Unity College, Fagge","Female","disabled","WAEC","University","36","35","23","11","11","0","1.5","1","12","12","0"
"2022/2023","North West","Kano","Fagge","Fagge B","Unity College, Fagge","Male","all","NABTEB","University","107","105","66","22","15","7","1.6","2","39","44","7"
"2022/2023","North West","Kano","Fagge","Fagge B","Unity College, Fagge","Male","all","NECO","University","222","219","132","48","43","5","1.5","3","87","85","5"
"2022/2023","North West","Kano","Fagge","Fagge B","Unity College, Fagge","Male","all","WAEC","University","268","264","165","53","45","8","1.5","4","99","112","8"
"2022/2023","North West","Kano","Fagge","Fagge B","Unity College, Fagge","Male","disabled","NABTEB","University","15","15","8","0","0","0","1.6","0","7","8","0"
"2022/2023","North West","Kano","Fagge","Fagge B","Unity College, Fagge","Male","disabled","NECO","University","23","23","13","6","6","0","1.5","0","10","8","0"
"2022/2023","North West","Kano","Fagge","Fagge B","Unity College, Fagge","Male","disabled","WAEC","University","27","27","17","5","6","0","1.5","0","10","12","0"
"2022/2023","North West","Kano","Fagge","Fagge C","Community Secondary School, Fagge C","Female","all","NABTEB","University","151","149","98","44","37","7","1.6","2","51","55","7"
"2022/2023","North West","Kano","Fagge","Fagge C","Community Secondary School, Fagge C","Female","all","NECO","University","315","310","200","83","73","10","1.5","5","110","118","10"
"2022/2023","North West","Kano","Fagge","Fagge C","Community Secondary School, Fagge C","Female","all","WAEC","University","403","397","247","109","100","9","1.5","6","150","137","9"
"2022/2023","North West","Kano","Fagge","Fagge C","Community Secondary School, Fagge C","Female","disabled","NABTEB","University","15","15","8","7","7","0","1.6","0","7","1","0"
"2022/2023","North West","Kano","Fagge","Fagge C","Community Secondary School, Fagge C","Female","disabled","NECO","University","31","31","18","6","6","0","1.5","0","13","12","0"
"2022/2023","North West","Kano","Fagge","Fagge C","Community Secondary School, Fagge C","Female","disabled","WAEC","University","43","42","26","11","11","0","1.5","1","16","16","0"
"2022/2023","North West","Kano","Fagge","Fagge C","Community Secondary School, Fagge C","Male","all","NABTEB","University","154","152","94","37","30","7","1.6","2","58","58","7"
"2022/2023","North West","Kano","Fagge","Fagge C","Community Secondary School, Fagge C","Male","all","NECO","University","307","302","189","59","49","10","1.5","5","113","131","10"
"2022/2023","North West","Kano","Fagge","Fagge C","Community Secondary School, Fagge C","Male","all","WAEC","University","415","409","251","100","90","10","1.5","6","158","152","10"
"2022/2023","North West","Kano","Fagge","Fagge C","Community Secondary School, Fagge C","Male","disabled","NABTEB","University","15","15","8","7","8","0","1.6","0","7","1","0"
"2022/2023","North West","Kano","Fagge","Fagge C","Community Secondary School, Fagge C","Male","disabled","NECO","University","36","35","18","6","6","0","1.5","1","17","12","0"
"2022/2023","North West","Kano","Fagge","Fagge C","Community Secondary School, Fagge C","Male","disabled","WAEC","University","43","42","25","11","11","0","1.5","1","17","15","0"
"2022/2023","North West","Kano","Fagge","Fagge C","Comprehensive High School, Fagge C","Female","all","NABTEB","College of Education","166","164","90","22","15","7","1.8","2","74","69","7"
"2022/2023","North West","Kano","Fagge","Fagge C","Comprehensive High School, Fagge C","Female","all","NECO","College of Education","302","298","175","53","49","4","1.8","4","123","123","4"
"2022/2023","North West","Kano","Fagge","Fagge C","Comprehensive High School, Fagge C","Female","all","WAEC","College of Education","399","393","228","74","67","7","1.8","6","165","154","7"
"2022/2023","North West","Kano","Fagge","Fagge C","Comprehensive High School, Fagge C","Female","disabled","NABTEB","College of Education","19","19","13","0","0","0","1.8","0","6","13","0"
"2022/2023","North West","Kano","Fagge","Fagge C","Comprehensive High School, Fagge C","Female","disabled","NECO","College of Education","31","31","18","6","6","0","1.8","0","13","12","0"
"2022/2023","North West","Kano","Fagge","Fagge C","Comprehensive High School, Fagge C","Female","disabled","WAEC","College of Education","40","39","20","5","6","0","1.8","1","19","15","0"
"2022/2023","North West","Kano","Fagge","Fagge C","Comprehensive High School, Fagge C","Male","all","NABTEB","College of Education","196","193","110","37","30","7","1.8","3","83","73","7"
"2022/2023","North West","Kano","Fagge","Fagge C","Comprehensive High School, Fagge C","Male","all","NECO","College of Education","346","341","196","48","43","5","1.8","5","145","148","5"
"2022/2023","North West","Kano","Fagge","Fagge C","Comprehensive High School, Fagge C","Male","all","WAEC","College of Education","443","436","254","74","67","7","1.8","7","182","180","7"
"2022/2023","North West","Kano","Fagge","Fagge C","Comprehensive High School, Fagge C","Male","disabled","NABTEB","College of Education","22","22","13","7","8","0","1.8","0","9","6","0"
"2022/2023","North West","Kano","Fagge","Fagge C","Comprehensive High School, Fagge C","Male","disabled","NECO","College of Education","36","35","18","0","0","0","1.8","1","17","18","0"
"2022/2023","North West","Kano","Fagge","Fagge C","Comprehensive High School, Fagge C","Male","disabled","WAEC","College of Education","43","42","22","5","6","0","1.8","1","20","18","0"
"2022/2023","North West","Kano","Fagge","Fagge C","Government Secondary School, Fagge C","Female","all","NABTEB","Polytechnic","146","144","82","22","22","0","1.7","2","62","60","0"
"2022/2023","North West","Kano","Fagge","Fagge C","Government Secondary School, Fagge C","Female","all","NECO","Polytechnic","302","298","168","48","42","6","1.6","4","130","121","6"
"2022/2023","North West","Kano","Fagge","Fagge C","Government Secondary School, Fagge C","Female","all","WAEC","Polytechnic","363","358","211","58","50","8","1.6","5","147","153","8"
"2022/2023","North West","Kano","Fagge","Fagge C","Government Secondary School, Fagge C","Female","disabled","NABTEB","Polytechnic","14","14","7","0","0","0","1.7","0","7","7","0"
"2022/2023","North West","Kano","Fagge","Fagge C","Government Secondary School, Fagge C","Female","disabled","NECO","Polytechnic","36","35","18","0","0","0","1.6","1","17","18","0"
"2022/2023","North West","Kano","Fagge","Fagge C","Government Secondary School, Fagge C","Female","disabled","WAEC","Polytechnic","47","46","26","5","6","0","1.6","1","20","22","0"
"2022/2023","North West","Kano","Fagge","Fagge C","Government Secondary School, Fagge C","Male","all","NABTEB","Polytechnic","135","133","77","15","15","0","1.7","2","56","62","0"
"2022/2023","North West","Kano","Fagge","Fagge C","Government Secondary School, Fagge C","Male","all","NECO","Polytechnic","290","286","160","48","43","5","1.6","4","126","113","5"
"2022/2023","North West","Kano","Fagge","Fagge C","Government Secondary School, Fagge C","Male","all","WAEC","Polytechnic","336","331","204","63","56","7","1.6","5","127","142","7"
"2022/2023","North West","Kano","Fagge","Fagge C","Government Secondary School, Fagge C","Male","disabled","NABTEB","Polytechnic","19","19","8","0","0","0","1.7","0","11","8","0"
"2022/2023","North West","Kano","Fagge","Fagge C","Government Secondary School, Fagge C","Male","disabled","NECO","Polytechnic","31","31","18","6","6","0","1.6","0","13","12","0"
"2022/2023","North West","Kano","Fagge","Fagge C","Government Secondary School, Fagge C","Male","disabled","WAEC","Polytechnic","43","42","22","5","6","0","1.6","1","20","18","0"
"2022/2023","North West","Kano","Fagge","Fagge C","Unity College, Fagge","Female","all","NABTEB","University","68","67","41","22","22","0","1.6","1","26","19","0"
"2022/2023","North West","Kano","Fagge","Fagge C","Unity College, Fagge","Female","all","NECO","University","123","121","81","36","30","6","1.5","2","40","46","6"
"2022/2023","North West","Kano","Fagge","Fagge C","Unity College, Fagge","Female","all","WAEC","University","161","159","102","42","39","3","1.5","2","57","61","3"
"2022/2023","North West","Kano","Fagge","Fagge C","Unity College, Fagge","Female","disabled","NABTEB","University","15","15","8","7","7","0","1.6","0","7","1","0"
"2022/2023","North West","Kano","Fagge","Fagge C","Unity College, Fagge","Female","disabled","NECO","University","15","15","10","6","6","0","1.5","0","5","5","0"
"2022/2023","North West","Kano","Fagge","Fagge C","Unity College, Fagge","Female","disabled","WAEC","University","19","19","10","5","5","0","1.5","0","10","5","0"
"2022/2023","North West","Kano","Fagge","Fagge C","Unity College, Fagge","Male","all","NABTEB","University","75","74","44","22","22","0","1.6","1","30","23","0"
"2022/2023","North West","Kano","Fagge","Fagge C","Unity College, Fagge","Male","all","NECO","University","127","125","78","36","30","6","1.5","2","47","43","6"
"2022/2023","North West","Kano","Fagge","Fagge C","Unity College, Fagge","Male","all","WAEC","University","178","175","108","37","34","3","1.5","3","67","72","3"
"2022/2023","North West","Kano","Fagge","Fagge C","Unity College, Fagge","Male","disabled","NABTEB","University","15","15","8","7","8","0","1.6","0","7","1","0"
"2022/2023","North West","Kano","Fagge","Fagge C","Unity College, Fagge","Male","disabled","NECO","University","15","15","7","6","6","0","1.5","0","8","1","0"
"2022/2023","North West","Kano","Fagge","Fagge C","Unity College, Fagge","Male","disabled","WAEC","University","23","23","13","5","6","0","1.5","0","10","8","0"
"2022/2023","North West","Kano","Gwale","Dandago","Community Secondary School, Dandago","Female","all","NABTEB","University","135","133","77","30","22","8","1.6","2","56","47","8"
"2022/2023","North West","Kano","Gwale","Dandago","Community Secondary School, Dandago","Female","all","NECO","University","267","263","164","59","49","10","1.5","4","99","106","10"
"2022/2023","North West","Kano","Gwale","Dandago","Community Secondary School, Dandago","Female","all","WAEC","University","355","350","208","63","56","7","1.5","5","142","145","7"
"2022/2023","North West","Kano","Gwale","Dandago","Community Secondary School, Dandago","Female","disabled","NABTEB","University","14","14","7","0","0","0","1.6","0","7","7","0"
"2022/2023","North West","Kano","Gwale","Dandago","Community Secondary School, Dandago","Female","disabled","NECO","University","27","27","14","6","6","0","1.5","0","14","8","0"
"2022/2023","North West","Kano","Gwale","Dandago","Community Secondary School, Dandago","Female","disabled","WAEC","University","36","35","20","5","6","0","1.5","1","15","15","0"
"2022/2023","North West","Kano","Gwale","Dandago","Community Secondary School, Dandago","Male","all","NABTEB","University","131","129","82","22","15","7","1.6","2","47","60","7"
"2022/2023","North West","Kano","Gwale","Dandago","Community Secondary School, Dandago","Male","all","NECO","University","278","274","171","42","36","6","1.5","4","103","129","6"
"2022/2023","North West","Kano","Gwale","Dandago","Community Secondary School, Dandago","Male","all","WAEC","University","343","338","208","63","56","7","1.5","5","130","145","7"
"2022/2023","North West","Kano","Gwale","Dandago","Community Secondary School, Dandago","Male","disabled","NABTEB","University","14","14","7","0","0","0","1.6","0","7","7","0"
"2022/2023","North West","Kano","Gwale","Dandago","Community Secondary School, Dandago","Male","disabled","NECO","University","31","31","18","0","0","0","1.5","0","13","18","0"
"2022/2023","North West","Kano","Gwale","Dandago","Community Secondary School, Dandago","Male","disabled","WAEC","University","40","39","23","5","6","0","1.5","1","16","18","0"
"2022/2023","North West","Kano","Gwale","Dandago","Comprehensive High School, Dandago","Female","all","NABTEB","College of Education","182","179","115","44","37","7","1.8","3","64","72","7"
"2022/2023","North West","Kano","Gwale","Dandago","Comprehensive High School, Dandago","Female","all","NECO","College of Education","334","329","207","71","61","10","1.8","5","122","136","10"
"2022/2023","North West","Kano","Gwale","Dandago","Comprehensive High School, Dandago","Female","all","WAEC","College of Education","422","416","257","100","90","10","1.8","6","159","157","10"
"2022/2023","North West","Kano","Gwale","Dandago","Comprehensive High School, Dandago","Female","disabled","NABTEB","College of Education","21","21","12","8","7","1","1.8","0","9","5","1"
"2022/2023","North West","Kano","Gwale","Dandago","Comprehensive High School, Dandago","Female","disabled","NECO","College of Education","44","43","25","6","6","0","1.8","1","18","19","0"
"2022/2023","North West","Kano","Gwale","Dandago","Comprehensive High School, Dandago","Female","disabled","WAEC","College of Education","51","50","29","11","11","0","1.8","1","21","19","0"
"2022/2023","North West","Kano","Gwale","Dandago","Comprehensive High School, Dandago","Male","all","NABTEB","College of Education","226","223","148","58","52","7","1.8","3","75","89","7"
"2022/2023","North West","Kano","Gwale","Dandago","Comprehensive High School, Dandago","Male","all","NECO","College of Education","451","444","272","95","79","16","1.8","7","172","178","16"
"2022/2023","North West","Kano","Gwale","Dandago","Comprehensive High School, Dandago","Male","all","WAEC","College of Education","538","530","347","121","112","9","1.8","8","183","226","9"
"2022/2023","North West","Kano","Gwale","Dandago","Comprehensive High School, Dandago","Male","disabled","NABTEB","College of Education","26","26","17","7","7","0","1.8","0","9","10","0"
"2022/2023","North West","Kano","Gwale","Dandago","Comprehensive High School, Dandago","Male","disabled","NECO","College of Education","52","51","29","6","6","0","1.8","1","22","23","0"
"2022/2023","North West","Kano","Gwale","Dandago","Comprehensive High School, Dandago","Male","disabled","WAEC","College of Education","70","69","39","11","11","0","1.8","1","30","29","0"
"2022/2023","North West","Kano","Gwale","Dandago","Government Secondary School, Dandago","Female","all","NABTEB","University","178","175","106","44","37","7","1.6","3","69","63","7"
"2022/2023","North West","Kano","Gwale","Dandago","Government Secondary School, Dandago","Female","all","NECO","University","331","326","203","65","55","10","1.5","5","123","139","10"
"2022/2023","North West","Kano","Gwale","Dandago","Government Secondary School, Dandago","Female","all","WAEC","University","395","389","237","89","78","11","1.5","6","152","148","11"
"2022/2023","North West","Kano","Gwale","Dandago","Government Secondary School, Dandago","Female","disabled","NABTEB","University","18","18","12","7","7","0","1.6","0","6","6","0"
"2022/2023","North West","Kano","Gwale","Dandago","Government Secondary School, Dandago","Female","disabled","NECO","University","36","35","22","6","6","0","1.5","1","13","16","0"
"2022/2023","North West","Kano","Gwale","Dandago","Government Secondary School, Dandago","Female","disabled","WAEC","University","40","39","23","5","6","0","1.5","1","16","18","0"
"2022/2023","North West","Kano","Gwale","Dandago","Government Secondary School, Dandago","Male","all","NABTEB","University","212","209","127","44","37","7","1.6","3","82","84","7"
"2022/2023","North West","Kano","Gwale","Dandago","Government Secondary School, Dandago","Male","all","NECO","University","414","408","254","83","73","10","1.5","6","154","172","10"
"2022/2023","North West","Kano","Gwale","Dandago","Government Secondary School, Dandago","Male","all","WAEC","University","507","500","308","95","84","11","1.5","7","192","213","11"
"2022/2023","North West","Kano","Gwale","Dandago","Government Secondary School, Dandago","Male","disabled","NABTEB","University","22","22","13","8","7","1","1.6","0","9","5","1"
"2022/2023","North West","Kano","Gwale","Dandago","Government Secondary School, Dandago","Male","disabled","NECO","University","44","43","25","6","6","0","1.5","1","18","19","0"
"2022/2023","North West","Kano","Gwale","Dandago","Government Secondary School, Dandago","Male","disabled","WAEC","University","51","50","29","11","11","0","1.5","1","21","19","0"
"2022/2023","North West","Kano","Gwale","Dandago","Unity College, Gwale","Female","all","NABTEB","Polytechnic","124","122","73","22","15","7","1.7","2","49","51","7"
"2022/2023","North West","Kano","Gwale","Dandago","Unity College, Gwale","Female","all","NECO","Polytechnic","247","243","139","42","36","6","1.6","4","104","98","6"
"2022/2023","North West","Kano","Gwale","Dandago","Unity College, Gwale","Female","all","WAEC","Polytechnic","288","284","161","53","45","8","1.6","4","123","109","8"
"2022/2023","North West","Kano","Gwale","Dandago","Unity College, Gwale","Female","disabled","NABTEB","Polytechnic","15","15","8","0","0","0","1.7","0","7","8","0"
"2022/2023","North West","Kano","Gwale","Dandago","Unity College, Gwale","Female","disabled","NECO","Polytechnic","31","31","18","6","6","0","1.6","0","13","12","0"
"2022/2023","North West","Kano","Gwale","Dandago","Unity College, Gwale","Female","disabled","WAEC","Polytechnic","36","35","20","5","6","0","1.6","1","15","15","0"
"2022/2023","North West","Kano","Gwale","Dandago","Unity College, Gwale","Male","all","NABTEB","Polytechnic","158","156","94","22","15","7","1.7","2","62","73","7"
"2022/2023","North West","Kano","Gwale","Dandago","Unity College, Gwale","Male","all","NECO","Polytechnic","259","255","153","53","43","10","1.6","4","102","101","10"
"2022/2023","North West","Kano","Gwale","Dandago","Unity College, Gwale","Male","all","WAEC","Polytechnic","355","350","208","63","56","7","1.6","5","142","145","7"
"2022/2023","North West","Kano","Gwale","Dandago","Unity College, Gwale","Male","disabled","NABTEB","Polytechnic","19","19","8","0","0","0","1.7","0","11","8","0"
"2022/2023","North West","Kano","Gwale","Dandago","Unity College, Gwale","Male","disabled","NECO","Polytechnic","31","31","18","6","6","0","1.6","0","13","12","0"
"2022/2023","North West","Kano","Gwale","Dandago","Unity College, Gwale","Male","disabled","WAEC","Polytechnic","43","42","22","5","6","0","1.6","1","20","18","0"
"2022/2023","North West","Kano","Gwale","Diso","Community Secondary School, Diso","Female","all","NABTEB","University","97","96","57","22","22","0","1.6","1","39","36","0"
"2022/2023","North West","Kano","Gwale","Diso","Community Secondary School, Diso","Female","all","NECO","University","175","172","107","36","30","6","1.5","3","65","72","6"
"2022/2023","North West","Kano","Gwale","Diso","Community Secondary School, Diso","Female","all","WAEC","University","252","248","158","58","50","8","1.5","4","90","100","8"
"2022/2023","North West","Kano","Gwale","Diso","Community Secondary School, Diso","Female","disabled","NABTEB","University","15","15","8","7","7","0","1.6","0","7","1","0"
"2022/2023","North West","Kano","Gwale","Diso","Community Secondary School, Diso","Female","disabled","NECO","University","19","19","10","6","6","0","1.5","0","9","5","0"
"2022/2023","North West","Kano","Gwale","Diso","Community Secondary School, Diso","Female","disabled","WAEC","University","23","23","12","5","6","0","1.5","0","11","8","0"
"2022/2023","North West","Kano","Gwale","Diso","Community Secondary School, Diso","Male","all","NABTEB","University","97","96","57","22","22","0","1.6","1","39","36","0"
"2022/2023","North West","Kano","Gwale","Diso","Community Secondary School, Diso","Male","all","NECO","University","191","188","117","42","36","6","1.5","3","71","76","6"
"2022/2023","North West","Kano","Gwale","Diso","Community Secondary School, Diso","Male","all","WAEC","University","268","264","158","53","45","8","1.5","4","106","105","8"
"2022/2023","North West","Kano","Gwale","Diso","Community Secondary School, Diso","Male","disabled","NABTEB","University","15","15","8","7","7","0","1.6","0","7","1","0"
"2022/2023","North West","Kano","Gwale","Diso","Community Secondary School, Diso","Male","disabled","NECO","University","19","19","10","6","6","0","1.5","0","9","5","0"
"2022/2023","North West","Kano","Gwale","Diso","Community Secondary School, Diso","Male","disabled","WAEC","University","23","23","12","5","6","0","1.5","0","11","8","0"
"2022/2023","North West","Kano","Gwale","Diso","Comprehensive High School, Diso","Female","all","NABTEB","Polytechnic","105","103","65","29","29","0","1.7","2","38","35","0"
"2022/2023","North West","Kano","Gwale","Diso","Comprehensive High School, Diso","Female","all","NECO","Polytechnic","166","164","103","36","30","6","1.6","2","61","68","6"
"2022/2023","North West","Kano","Gwale","Diso","Comprehensive High School, Diso","Female","all","WAEC","Polytechnic","244","240","151","58","50","8","1.6","4","89","93","8"
"2022/2023","North West","Kano","Gwale","Diso","Comprehensive High School, Diso","Female","disabled","NABTEB","Polytechnic","15","15","8","7","7","0","1.7","0","7","1","0"
"2022/2023","North West","Kano","Gwale","Diso","Comprehensive High School, Diso","Female","disabled","NECO","Polytechnic","19","19","10","6","6","0","1.6","0","9","5","0"
"2022/2023","North West","Kano","Gwale","Diso","Comprehensive High School, Diso","Female","disabled","WAEC","Polytechnic","31","31","17","5","6","0","1.6","0","14","12","0"
"2022/2023","North West","Kano","Gwale","Diso","Comprehensive High School, Diso","Male","all","NABTEB","Polytechnic","117","115","69","22","22","0","1.7","2","46","48","0"
"2022/2023","North West","Kano","Gwale","Diso","Comprehensive High School, Diso","Male","all","NECO","Polytechnic","210","207","125","36","30","6","1.6","3","82","89","6"
"2022/2023","North West","Kano","Gwale","Diso","Comprehensive High School, Diso","Male","all","WAEC","Polytechnic","296","292","168","53","45","8","1.6","4","124","116","8"
"2022/2023","North West","Kano","Gwale","Diso","Comprehensive High School, Diso","Male","disabled","NABTEB","Polytechnic","15","15","8","7","7","0","1.7","0","7","1","0"
"2022/2023","North West","Kano","Gwale","Diso","Comprehensive High School, Diso","Male","disabled","NECO","Polytechnic","27","27","17","6","6","0","1.6","0","10","12","0"
"2022/2023","North West","Kano","Gwale","Diso","Comprehensive High School, Diso","Male","disabled","WAEC","Polytechnic","40","39","23","5","6","0","1.6","1","16","18","0"
"2022/2023","North West","Kano","Gwale","Diso","Government Secondary School, Diso","Female","all","NABTEB","University","82","81","44","7","7","0","1.6","1","37","38","0"
"2022/2023","North West","Kano","Gwale","Diso","Government Secondary School, Diso","Female","all","NECO","University","150","148","89","30","24","6","1.5","2","59","59","6"
"2022/2023","North West","Kano","Gwale","Diso","Government Secondary School, Diso","Female","all","WAEC","University","202","199","126","42","39","3","1.5","3","73","84","3"
"2022/2023","North West","Kano","Gwale","Diso","Government Secondary School, Diso","Female","disabled","NABTEB","University","15","15","8","0","0","0","1.6","0","7","8","0"
"2022/2023","North West","Kano","Gwale","Diso","Government Secondary School, Diso","Female","disabled","NECO","University","19","19","10","6","6","0","1.5","0","9","5","0"
"2022/2023","North West","Kano","Gwale","Diso","Government Secondary School, Diso","Female","disabled","WAEC","University","27","27","17","5","6","0","1.5","0","10","12","0"
"2022/2023","North West","Kano","Gwale","Diso","Government Secondary School, Diso","Male","all","NABTEB","University","114","112","66","15","15","0","1.6","2","46","51","0"
"2022/2023","North West","Kano","Gwale","Diso","Government Secondary School, Diso","Male","all","NECO","University","187","184","103","30","24","6","1.5","3","81","74","6"
"2022/2023","North West","Kano","Gwale","Diso","Government Secondary School, Diso","Male","all","WAEC","University","244","240","148","53","45","8","1.5","4","92","95","8"
"2022/2023","North West","Kano","Gwale","Diso","Government Secondary School, Diso","Male","disabled","NABTEB","University","14","14","7","0","0","0","1.6","0","7","7","0"
"2022/2023","North West","Kano","Gwale","Diso","Government Secondary School, Diso","Male","disabled","NECO","University","23","23","11","6","6","0","1.5","0","12","5","0"
"2022/2023","North West","Kano","Gwale","Diso","Government Secondary School, Diso","Male","disabled","WAEC","University","31","31","17","5","6","0","1.5","0","14","12","0"
"2022/2023","North West","Kano","Gwale","Diso","Unity College, Gwale","Female","all","NABTEB","Polytechnic","175","172","107","44","37","7","1.7","3","65","63","7"
"2022/2023","North West","Kano","Gwale","Diso","Unity College, Gwale","Female","all","NECO","Polytechnic","323","318","196","71","61","10","1.6","5","122","126","10"
"2022/2023","North West","Kano","Gwale","Diso","Unity College, Gwale","Female","all","WAEC","Polytechnic","415","409","257","95","84","11","1.6","6","152","163","11"
"2022/2023","North West","Kano","Gwale","Diso","Unity College, Gwale","Female","disabled","NABTEB","Polytechnic","19","19","13","7","7","0","1.7","0","6","6","0"
"2022/2023","North West","Kano","Gwale","Diso","Unity College, Gwale","Female","disabled","NECO","Polytechnic","36","35","22","6","6","0","1.6","1","13","16","0"
"2022/2023","North West","Kano","Gwale","Diso","Unity College, Gwale","Female","disabled","WAEC","Polytechnic","40","39","23","5","6","0","1.6","1","16","18","0"
"2022/2023","North West","Kano","Gwale","Diso","Unity College, Gwale","Male","all","NABTEB","Polytechnic","162","160","94","30","22","8","1.7","2","66","65","8"
"2022/2023","North West","Kano","Gwale","Diso","Unity College, Gwale","Male","all","NECO","Polytechnic","350","345","203","65","55","10","1.6","5","142","139","10"
"2022/2023","North West","Kano","Gwale","Diso","Unity College, Gwale","Male","all","WAEC","Polytechnic","439","432","267","95","84","11","1.6","7","165","172","11"
"2022/2023","North West","Kano","Gwale","Diso","Unity College, Gwale","Male","disabled","NABTEB","Polytechnic","14","14","7","7","7","0","1.7","0","7","1","0"
"2022/2023","North West","Kano","Gwale","Diso","Unity College, Gwale","Male","disabled","NECO","Polytechnic","36","35","18","6","6","0","1.6","1","17","12","0"
"2022/2023","North West","Kano","Gwale","Diso","Unity College, Gwale","Male","disabled","WAEC","Polytechnic","47","46","26","11","11","0","1.6","1","20","16","0"
"2022/2023","North West","Kano","Gwale","Dorayi","Community Secondary School, Dorayi","Female","all","NABTEB","Polytechnic","154","152","98","37","30","7","1.7","2","54","62","7"
"2022/2023","North West","Kano","Gwale","Dorayi","Community Secondary School, Dorayi","Female","all","NECO","Polytechnic","283","279","171","59","49","10","1.6","4","108","113","10"
"2022/2023","North West","Kano","Gwale","Dorayi","Community Secondary School, Dorayi","Female","all","WAEC","Polytechnic","431","425","264","111","101","10","1.6","6","161","154","10"
"2022/2023","North West","Kano","Gwale","Dorayi","Community Secondary School, Dorayi","Female","disabled","NABTEB","Polytechnic","15","15","8","7","7","0","1.7","0","7","1","0"
"2022/2023","North West","Kano","Gwale","Dorayi","Community Secondary School, Dorayi","Female","disabled","NECO","Polytechnic","27","27","17","6","6","0","1.6","0","10","12","0"
"2022/2023","North West","Kano","Gwale","Dorayi","Community Secondary School, Dorayi","Female","disabled","WAEC","Polytechnic","40","39","23","11","11","0","1.6","1","16","12","0"
"2022/2023","North West","Kano","Gwale","Dorayi","Community Secondary School, Dorayi","Male","all","NABTEB","Polytechnic","166","164","106","44","37","7","1.7","2","58","63","7"
"2022/2023","North West","Kano","Gwale","Dorayi","Community Secondary School, Dorayi","Male","all","NECO","Polytechnic","278","274","168","53","49","4","1.6","4","106","115","4"
"2022/2023","North West","Kano","Gwale","Dorayi","Community Secondary School, Dorayi","Male","all","WAEC","Polytechnic","434","428","261","100","90","10","1.6","6","167","161","10"
"2022/2023","North West","Kano","Gwale","Dorayi","Community Secondary School, Dorayi","Male","disabled","NABTEB","Polytechnic","14","14","7","7","7","0","1.7","0","7","1","0"
"2022/2023","North West","Kano","Gwale","Dorayi","Community Secondary School, Dorayi","Male","disabled","NECO","Polytechnic","31","31","18","6","6","0","1.6","0","13","12","0"
"2022/2023","North West","Kano","Gwale","Dorayi","Community Secondary School, Dorayi","Male","disabled","WAEC","Polytechnic","40","39","23","5","5","0","1.6","1","16","18","0"
"2022/2023","North West","Kano","Gwale","Dorayi","Comprehensive High School, Dorayi","Female","all","NABTEB","College of Education","75","74","44","22","22","0","1.8","1","30","23","0"
"2022/2023","North West","Kano","Gwale","Dorayi","Comprehensive High School, Dorayi","Female","all","NECO","College of Education","142","140","89","30","24","6","1.8","2","51","59","6"
"2022/2023","North West","Kano","Gwale","Dorayi","Comprehensive High School, Dorayi","Female","all","WAEC","College of Education","170","167","105","42","39","3","1.8","3","62","64","3"
"2022/2023","North West","Kano","Gwale","Dorayi","Comprehensive High School, Dorayi","Female","disabled","NABTEB","College of Education","14","14","7","7","7","0","1.8","0","7","1","0"
"2022/2023","North West","Kano","Gwale","Dorayi","Comprehensive High School, Dorayi","Female","disabled","NECO","College of Education","15","15","10","6","6","0","1.8","0","5","5","0"
"2022/2023","North West","Kano","Gwale","Dorayi","Comprehensive High School, Dorayi","Female","disabled","WAEC","College of Education","15","15","9","5","5","0","1.8","0","6","5","0"
"2022/2023","North West","Kano","Gwale","Dorayi","Comprehensive High School, Dorayi","Male","all","NABTEB","College of Education","85","84","57","21","21","0","1.8","1","27","35","0"
"2022/2023","North West","Kano","Gwale","Dorayi","Comprehensive High School, Dorayi","Male","all","NECO","College of Education","158","156","96","36","30","6","1.8","2","60","61","6"
"2022/2023","North West","Kano","Gwale","Dorayi","Comprehensive High School, Dorayi","Male","all","WAEC","College of Education","197","194","122","42","39","3","1.8","3","72","81","3"
"2022/2023","North West","Kano","Gwale","Dorayi","Comprehensive High School, Dorayi","Male","disabled","NABTEB","College of Education","14","14","7","7","7","1","1.8","0","7","0","1"
"2022/2023","North West","Kano","Gwale","Dorayi","Comprehensive High School, Dorayi","Male","disabled","NECO","College of Education","15","15","7","6","6","0","1.8","0","8","1","0"
"2022/2023","North West","Kano","Gwale","Dorayi","Comprehensive High School, Dorayi","Male","disabled","WAEC","College of Education","15","15","9","5","6","0","1.8","0","6","5","0"
"2022/2023","North West","Kano","Gwale","Dorayi","Government Secondary School, Dorayi","Female","all","NABTEB","College of Education","78","77","53","29","29","0","1.8","1","24","23","0"
"2022/2023","North West","Kano","Gwale","Dorayi","Government Secondary School, Dorayi","Female","all","NECO","College of Education","154","152","96","36","30","6","1.8","2","56","60","6"
"2022/2023","North West","Kano","Gwale","Dorayi","Government Secondary School, Dorayi","Female","all","WAEC","College of Education","205","202","131","47","39","8","1.8","3","71","85","8"
"2022/2023","North West","Kano","Gwale","Dorayi","Government Secondary School, Dorayi","Female","disabled","NABTEB","College of Education","14","14","7","7","7","0","1.8","0","7","1","0"
"2022/2023","North West","Kano","Gwale","Dorayi","Government Secondary School, Dorayi","Female","disabled","NECO","College of Education","19","19","10","6","6","0","1.8","0","9","5","0"
"2022/2023","North West","Kano","Gwale","Dorayi","Government Secondary School, Dorayi","Female","disabled","WAEC","College of Education","27","27","17","5","5","0","1.8","0","10","12","0"
"2022/2023","North West","Kano","Gwale","Dorayi","Government Secondary School, Dorayi","Male","all","NABTEB","College of Education","78","77","49","15","15","0","1.8","1","28","34","0"
"2022/2023","North West","Kano","Gwale","Dorayi","Government Secondary School, Dorayi","Male","all","NECO","College of Education","138","136","89","30","24","6","1.8","2","47","59","6"
"2022/2023","North West","Kano","Gwale","Dorayi","Government Secondary School, Dorayi","Male","all","WAEC","College of Education","217","214","131","53","50","3","1.8","3","83","79","3"
"2022/2023","North West","Kano","Gwale","Dorayi","Government Secondary School, Dorayi","Male","disabled","NABTEB","College of Education","14","14","7","0","0","0","1.8","0","7","7","0"
"2022/2023","North West","Kano","Gwale","Dorayi","Government Secondary School, Dorayi","Male","disabled","NECO","College of Education","15","15","10","6","6","0","1.8","0","5","5","0"
"2022/2023","North West","Kano","Gwale","Dorayi","Government Secondary School, Dorayi","Male","disabled","WAEC","College of Education","23","23","13","5","5","0","1.8","0","10","8","0"
"2022/2023","North West","Kano","Gwale","Dorayi","Unity College, Gwale","Female","all","NABTEB","Polytechnic","114","112","74","37","30","7","1.7","2","38","37","7"
"2022/2023","North West","Kano","Gwale","Dorayi","Unity College, Gwale","Female","all","NECO","Polytechnic","222","219","139","53","49","4","1.6","3","80","87","4"
"2022/2023","North West","Kano","Gwale","Dorayi","Unity College, Gwale","Female","all","WAEC","Polytechnic","296","292","181","74","67","7","1.6","4","111","108","7"
"2022/2023","North West","Kano","Gwale","Dorayi","Unity College, Gwale","Female","disabled","NABTEB","Polytechnic","14","14","7","7","7","0","1.7","0","7","1","0"
"2022/2023","North West","Kano","Gwale","Dorayi","Unity College, Gwale","Female","disabled","NECO","Polytechnic","27","27","14","6","6","0","1.6","0","14","8","0"
"2022/2023","North West","Kano","Gwale","Dorayi","Unity College, Gwale","Female","disabled","WAEC","Polytechnic","40","39","23","5","5","0","1.6","1","16","18","0"
"2022/2023","North West","Kano","Gwale","Dorayi","Unity College, Gwale","Male","all","NABTEB","Polytechnic","124","122","82","30","30","0","1.7","2","40","52","0"
"2022/2023","North West","Kano","Gwale","Dorayi","Unity College, Gwale","Male","all","NECO","Polytechnic","226","223","142","48","43","5","1.6","3","81","95","5"
"2022/2023","North West","Kano","Gwale","Dorayi","Unity College, Gwale","Male","all","WAEC","Polytechnic","296","292","181","63","56","7","1.6","4","111","119","7"
"2022/2023","North West","Kano","Gwale","Dorayi","Unity College, Gwale","Male","disabled","NABTEB","Polytechnic","18","18","12","8","7","1","1.7","0","6","5","1"
"2022/2023","North West","Kano","Gwale","Dorayi","Unity College, Gwale","Male","disabled","NECO","Polytechnic","31","31","18","6","6","0","1.6","0","13","12","0"
"2022/2023","North West","Kano","Gwale","Dorayi","Unity College, Gwale","Male","disabled","WAEC","Polytechnic","40","39","23","5","5","0","1.6","1","16","18","0"
"2022/2023","North West","Kano","Kano Municipal","Chedi","Community Secondary School, Chedi","Female","all","NABTEB","College of Education","102","100","57","15","15","0","1.8","2","43","43","0"
"2022/2023","North West","Kano","Kano Municipal","Chedi","Community Secondary School, Chedi","Female","all","NECO","College of Education","199","196","114","36","30","6","1.8","3","82","79","6"
"2022/2023","North West","Kano","Kano Municipal","Chedi","Community Secondary School, Chedi","Female","all","WAEC","College of Education","268","264","161","47","39","8","1.8","4","103","114","8"
"2022/2023","North West","Kano","Kano Municipal","Chedi","Community Secondary School, Chedi","Female","disabled","NABTEB","College of Education","14","14","7","0","0","0","1.8","0","7","7","0"
"2022/2023","North West","Kano","Kano Municipal","Chedi","Community Secondary School, Chedi","Female","disabled","NECO","College of Education","23","23","11","6","6","0","1.8","0","12","5","0"
"2022/2023","North West","Kano","Kano Municipal","Chedi","Community Secondary School, Chedi","Female","disabled","WAEC","College of Education","31","31","17","5","5","0","1.8","0","14","12","0"
"2022/2023","North West","Kano","Kano Municipal","Chedi","Community Secondary School, Chedi","Male","all","NABTEB","College of Education","113","111","65","15","15","0","1.8","2","46","51","0"
"2022/2023","North West","Kano","Kano Municipal","Chedi","Community Secondary School, Chedi","Male","all","NECO","College of Education","214","211","128","30","24","6","1.8","3","83","98","6"
"2022/2023","North West","Kano","Kano Municipal","Chedi","Community Secondary School, Chedi","Male","all","WAEC","College of Education","288","284","165","42","39","3","1.8","4","119","124","3"
"2022/2023","North West","Kano","Kano Municipal","Chedi","Community Secondary School, Chedi","Male","disabled","NABTEB","College of Education","14","14","7","0","0","0","1.8","0","7","7","0"
"2022/2023","North West","Kano","Kano Municipal","Chedi","Community Secondary School, Chedi","Male","disabled","NECO","College of Education","23","23","13","6","6","0","1.8","0","10","8","0"
"2022/2023","North West","Kano","Kano Municipal","Chedi","Community Secondary School, Chedi","Male","disabled","WAEC","College of Education","27","27","13","0","0","0","1.8","0","14","13","0"
"2022/2023","North West","Kano","Kano Municipal","Chedi","Comprehensive High School, Chedi","Female","all","NABTEB","University","182","179","115","44","37","7","1.6","3","64","72","7"
"2022/2023","North West","Kano","Kano Municipal","Chedi","Comprehensive High School, Chedi","Female","all","NECO","University","358","353","232","89","73","16","1.5","5","121","144","16"
"2022/2023","North West","Kano","Kano Municipal","Chedi","Comprehensive High School, Chedi","Female","all","WAEC","University","427","421","264","95","90","5","1.5","6","157","170","5"
"2022/2023","North West","Kano","Kano Municipal","Chedi","Comprehensive High School, Chedi","Female","disabled","NABTEB","University","14","14","7","7","7","0","1.6","0","7","1","0"
"2022/2023","North West","Kano","Kano Municipal","Chedi","Comprehensive High School, Chedi","Female","disabled","NECO","University","27","27","14","6","6","0","1.5","0","14","8","0"
"2022/2023","North West","Kano","Kano Municipal","Chedi","Comprehensive High School, Chedi","Female","disabled","WAEC","University","39","38","22","5","5","0","1.5","1","16","18","0"
"2022/2023","North West","Kano","Kano Municipal","Chedi","Comprehensive High School, Chedi","Male","all","NABTEB","University","211","208","135","44","37","7","1.6","3","73","91","7"
"2022/2023","North West","Kano","Kano Municipal","Chedi","Comprehensive High School, Chedi","Male","all","NECO","University","418","412","268","89","73","16","1.5","6","144","180","16"
"2022/2023","North West","Kano","Kano Municipal","Chedi","Comprehensive High School, Chedi","Male","all","WAEC","University","570","562","363","137","123","14","1.5","8","199","227","14"
"2022/2023","North West","Kano","Kano Municipal","Chedi","Comprehensive High School, Chedi","Male","disabled","NABTEB","University","14","14","7","7","7","1","1.6","0","7","0","1"
"2022/2023","North West","Kano","Kano Municipal","Chedi","Comprehensive High School, Chedi","Male","disabled","NECO","University","36","35","21","6","6","0","1.5","1","14","15","0"
"2022/2023","North West","Kano","Kano Municipal","Chedi","Comprehensive High School, Chedi","Male","disabled","WAEC","University","47","46","25","5","6","0","1.5","1","21","21","0"
"2022/2023","North West","Kano","Kano Municipal","Chedi","Government Secondary School, Chedi","Female","all","NABTEB","Polytechnic","124","122","69","22","15","7","1.7","2","53","47","7"
"2022/2023","North West","Kano","Kano Municipal","Chedi","Government Secondary School, Chedi","Female","all","NECO","Polytechnic","251","247","150","53","43","10","1.6","4","97","98","10"
"2022/2023","North West","Kano","Kano Municipal","Chedi","Government Secondary School, Chedi","Female","all","WAEC","Polytechnic","356","351","218","63","56","7","1.6","5","133","156","7"
"2022/2023","North West","Kano","Kano Municipal","Chedi","Government Secondary School, Chedi","Female","disabled","NABTEB","Polytechnic","14","14","7","0","0","0","1.7","0","7","7","0"
"2022/2023","North West","Kano","Kano Municipal","Chedi","Government Secondary School, Chedi","Female","disabled","NECO","Polytechnic","31","31","18","6","6","0","1.6","0","13","12","0"
"2022/2023","North West","Kano","Kano Municipal","Chedi","Government Secondary School, Chedi","Female","disabled","WAEC","Polytechnic","43","42","25","5","5","0","1.6","1","17","21","0"
"2022/2023","North West","Kano","Kano Municipal","Chedi","Government Secondary School, Chedi","Male","all","NABTEB","Polytechnic","131","129","77","15","15","0","1.7","2","52","62","0"
"2022/2023","North West","Kano","Kano Municipal","Chedi","Government Secondary School, Chedi","Male","all","NECO","Polytechnic","218","215","125","36","30","6","1.6","3","90","89","6"
"2022/2023","North West","Kano","Kano Municipal","Chedi","Government Secondary School, Chedi","Male","all","WAEC","Polytechnic","340","335","198","58","50","8","1.6","5","137","141","8"
"2022/2023","North West","Kano","Kano Municipal","Chedi","Government Secondary School, Chedi","Male","disabled","NABTEB","Polytechnic","14","14","7","0","0","0","1.7","0","7","7","0"
"2022/2023","North West","Kano","Kano Municipal","Chedi","Government Secondary School, Chedi","Male","disabled","NECO","Polytechnic","31","31","18","6","6","0","1.6","0","13","12","0"
"2022/2023","North West","Kano","Kano Municipal","Chedi","Government Secondary School, Chedi","Male","disabled","WAEC","Polytechnic","40","39","20","5","5","0","1.6","1","19","15","0"
"2022/2023","North West","Kano","Kano Municipal","Chedi","Unity College, Kano Municipal","Female","all","NABTEB","College of Education","124","122","69","15","15","0","1.8","2","53","54","0"
"2022/2023","North West","Kano","Kano Municipal","Chedi","Unity College, Kano Municipal","Female","all","NECO","College of Education","206","203","121","36","30","6","1.8","3","82","85","6"
"2022/2023","North West","Kano","Kano Municipal","Chedi","Unity College, Kano Municipal","Female","all","WAEC","College of Education","347","342","204","63","56","7","1.8","5","138","141","7"
"2022/2023","North West","Kano","Kano Municipal","Chedi","Unity College, Kano Municipal","Female","disabled","NABTEB","College of Education","14","14","7","0","0","0","1.8","0","7","7","0"
"2022/2023","North West","Kano","Kano Municipal","Chedi","Unity College, Kano Municipal","Female","disabled","NECO","College of Education","19","19","10","6","6","0","1.8","0","9","5","0"
"2022/2023","North West","Kano","Kano Municipal","Chedi","Unity College, Kano Municipal","Female","disabled","WAEC","College of Education","31","31","17","5","5","0","1.8","0","14","12","0"
"2022/2023","North West","Kano","Kano Municipal","Chedi","Unity College, Kano Municipal","Male","all","NABTEB","College of Education","106","104","57","15","15","0","1.8","2","47","43","0"
"2022/2023","North West","Kano","Kano Municipal","Chedi","Unity College, Kano Municipal","Male","all","NECO","College of Education","202","199","114","30","24","6","1.8","3","85","84","6"
"2022/2023","North West","Kano","Kano Municipal","Chedi","Unity College, Kano Municipal","Male","all","WAEC","College of Education","288","284","161","42","34","8","1.8","4","123","120","8"
"2022/2023","North West","Kano","Kano Municipal","Chedi","Unity College, Kano Municipal","Male","disabled","NABTEB","College of Education","14","14","7","0","0","0","1.8","0","7","7","0"
"2022/2023","North West","Kano","Kano Municipal","Chedi","Unity College, Kano Municipal","Male","disabled","NECO","College of Education","19","19","10","0","0","0","1.8","0","9","10","0"
"2022/2023","North West","Kano","Kano Municipal","Chedi","Unity College, Kano Municipal","Male","disabled","WAEC","College of Education","27","27","17","0","0","0","1.8","0","10","17","0"
"2022/2023","North West","Kano","Kano Municipal","Dan'agundi","Community Secondary School, Dan'agundi","Female","all","NABTEB","Polytechnic","81","80","49","21","21","0","1.7","1","31","27","0"
"2022/2023","North West","Kano","Kano Municipal","Dan'agundi","Community Secondary School, Dan'agundi","Female","all","NECO","Polytechnic","139","137","81","30","24","6","1.6","2","56","52","6"
"2022/2023","North West","Kano","Kano Municipal","Dan'agundi","Community Secondary School, Dan'agundi","Female","all","WAEC","Polytechnic","185","182","112","37","34","3","1.6","3","70","75","3"
"2022/2023","North West","Kano","Kano Municipal","Dan'agundi","Community Secondary School, Dan'agundi","Female","disabled","NABTEB","Polytechnic","14","14","7","7","7","0","1.7","0","7","1","0"
"2022/2023","North West","Kano","Kano Municipal","Dan'agundi","Community Secondary School, Dan'agundi","Female","disabled","NECO","Polytechnic","15","15","10","0","0","0","1.6","0","5","10","0"
"2022/2023","North West","Kano","Kano Municipal","Dan'agundi","Community Secondary School, Dan'agundi","Female","disabled","WAEC","Polytechnic","15","15","9","5","6","0","1.6","0","6","5","0"
"2022/2023","North West","Kano","Kano Municipal","Dan'agundi","Community Secondary School, Dan'agundi","Male","all","NABTEB","Polytechnic","78","77","49","15","15","0","1.7","1","28","34","0"
"2022/2023","North West","Kano","Kano Municipal","Dan'agundi","Community Secondary School, Dan'agundi","Male","all","NECO","Polytechnic","139","137","81","18","12","6","1.6","2","56","64","6"
"2022/2023","North West","Kano","Kano Municipal","Dan'agundi","Community Secondary School, Dan'agundi","Male","all","WAEC","Polytechnic","169","166","105","32","28","4","1.6","3","61","73","4"
"2022/2023","North West","Kano","Kano Municipal","Dan'agundi","Community Secondary School, Dan'agundi","Male","disabled","NABTEB","Polytechnic","14","14","7","0","0","0","1.7","0","7","7","0"
"2022/2023","North West","Kano","Kano Municipal","Dan'agundi","Community Secondary School, Dan'agundi","Male","disabled","NECO","Polytechnic","15","15","7","0","0","0","1.6","0","8","7","0"
"2022/2023","North West","Kano","Kano Municipal","Dan'agundi","Community Secondary School, Dan'agundi","Male","disabled","WAEC","Polytechnic","15","15","9","5","6","0","1.6","0","6","5","0"
"2022/2023","North West","Kano","Kano Municipal","Dan'agundi","Comprehensive High School, Dan'agundi","Female","all","NABTEB","College of Education","143","141","94","30","22","8","1.8","2","47","65","8"
"2022/2023","North West","Kano","Kano Municipal","Dan'agundi","Comprehensive High School, Dan'agundi","Female","all","NECO","College of Education","233","230","150","53","43","10","1.8","3","80","97","10"
"2022/2023","North West","Kano","Kano Municipal","Dan'agundi","Comprehensive High School, Dan'agundi","Female","all","WAEC","College of Education","317","312","191","68","62","6","1.8","5","121","124","6"
"2022/2023","North West","Kano","Kano Municipal","Dan'agundi","Comprehensive High School, Dan'agundi","Female","disabled","NABTEB","College of Education","14","14","7","0","0","0","1.8","0","7","7","0"
"2022/2023","North West","Kano","Kano Municipal","Dan'agundi","Comprehensive High School, Dan'agundi","Female","disabled","NECO","College of Education","19","19","10","6","6","0","1.8","0","9","5","0"
"2022/2023","North West","Kano","Kano Municipal","Dan'agundi","Comprehensive High School, Dan'agundi","Female","disabled","WAEC","College of Education","31","31","20","5","6","0","1.8","0","11","15","0"
"2022/2023","North West","Kano","Kano Municipal","Dan'agundi","Comprehensive High School, Dan'agundi","Male","all","NABTEB","College of Education","166","164","102","37","30","7","1.8","2","62","66","7"
"2022/2023","North West","Kano","Kano Municipal","Dan'agundi","Comprehensive High School, Dan'agundi","Male","all","NECO","College of Education","286","282","182","53","49","4","1.8","4","100","130","4"
"2022/2023","North West","Kano","Kano Municipal","Dan'agundi","Comprehensive High School, Dan'agundi","Male","all","WAEC","College of Education","379","373","234","84","73","11","1.8","6","139","150","11"
"2022/2023","North West","Kano","Kano Municipal","Dan'agundi","Comprehensive High School, Dan'agundi","Male","disabled","NABTEB","College of Education","14","14","7","7","7","0","1.8","0","7","1","0"
"2022/2023","North West","Kano","Kano Municipal","Dan'agundi","Comprehensive High School, Dan'agundi","Male","disabled","NECO","College of Education","23","23","13","6","6","0","1.8","0","10","8","0"
"2022/2023","North West","Kano","Kano Municipal","Dan'agundi","Comprehensive High School, Dan'agundi","Male","disabled","WAEC","College of Education","31","31","20","5","6","0","1.8","0","11","15","0"
"2022/2023","North West","Kano","Kano Municipal","Dan'agundi","Government Secondary School, Dan'agundi","Female","all","NABTEB","Polytechnic","116","114","73","29","29","0","1.7","2","41","43","0"
"2022/2023","North West","Kano","Kano Municipal","Dan'agundi","Government Secondary School, Dan'agundi","Female","all","NECO","Polytechnic","214","211","135","48","43","5","1.6","3","76","87","5"
"2022/2023","North West","Kano","Kano Municipal","Dan'agundi","Government Secondary School, Dan'agundi","Female","all","WAEC","Polytechnic","300","296","188","68","62","6","1.6","4","108","121","6"
"2022/2023","North West","Kano","Kano Municipal","Dan'agundi","Government Secondary School, Dan'agundi","Female","disabled","NABTEB","Polytechnic","14","14","7","7","7","0","1.7","0","7","1","0"
"2022/2023","North West","Kano","Kano Municipal","Dan'agundi","Government Secondary School, Dan'agundi","Female","disabled","NECO","Polytechnic","19","19","10","6","6","0","1.6","0","9","5","0"
"2022/2023","North West","Kano","Kano Municipal","Dan'agundi","Government Secondary School, Dan'agundi","Female","disabled","WAEC","Polytechnic","31","31","17","5","6","0","1.6","0","14","12","0"
"2022/2023","North West","Kano","Kano Municipal","Dan'agundi","Government Secondary School, Dan'agundi","Male","all","NABTEB","Polytechnic","124","122","69","22","22","0","1.7","2","53","48","0"
"2022/2023","North West","Kano","Kano Municipal","Dan'agundi","Government Secondary School, Dan'agundi","Male","all","NECO","Polytechnic","214","211","132","48","43","5","1.6","3","79","84","5"
"2022/2023","North West","Kano","Kano Municipal","Dan'agundi","Government Secondary School, Dan'agundi","Male","all","WAEC","Polytechnic","300","296","188","68","62","6","1.6","4","108","121","6"
"2022/2023","North West","Kano","Kano Municipal","Dan'agundi","Government Secondary School, Dan'agundi","Male","disabled","NABTEB","Polytechnic","14","14","7","7","7","1","1.7","0","7","0","1"
"2022/2023","North West","Kano","Kano Municipal","Dan'agundi","Government Secondary School, Dan'agundi","Male","disabled","NECO","Polytechnic","23","23","13","6","6","0","1.6","0","10","8","0"
"2022/2023","North West","Kano","Kano Municipal","Dan'agundi","Government Secondary School, Dan'agundi","Male","disabled","WAEC","Polytechnic","36","35","20","5","6","0","1.6","1","15","15","0"
"2022/2023","North West","Kano","Kano Municipal","Dan'agundi","Unity College, Kano Municipal","Female","all","NABTEB","College of Education","117","115","69","15","15","0","1.8","2","46","55","0"
"2022/2023","North West","Kano","Kano Municipal","Dan'agundi","Unity College, Kano Municipal","Female","all","NECO","College of Education","202","199","114","42","36","6","1.8","3","85","72","6"
"2022/2023","North West","Kano","Kano Municipal","Dan'agundi","Unity College, Kano Municipal","Female","all","WAEC","College of Education","268","264","158","53","50","3","1.8","4","106","105","3"
"2022/2023","North West","Kano","Kano Municipal","Dan'agundi","Unity College, Kano Municipal","Female","disabled","NABTEB","College of Education","14","14","7","0","0","0","1.8","0","7","7","0"
"2022/2023","North West","Kano","Kano Municipal","Dan'agundi","Unity College, Kano Municipal","Female","disabled","NECO","College of Education","23","23","13","6","6","0","1.8","0","10","8","0"
"2022/2023","North West","Kano","Kano Municipal","Dan'agundi","Unity College, Kano Municipal","Female","disabled","WAEC","College of Education","31","31","17","5","6","0","1.8","0","14","12","0"
"2022/2023","North West","Kano","Kano Municipal","Dan'agundi","Unity College, Kano Municipal","Male","all","NABTEB","College of Education","113","111","69","15","15","0","1.8","2","42","55","0"
"2022/2023","North West","Kano","Kano Municipal","Dan'agundi","Unity College, Kano Municipal","Male","all","NECO","College of Education","206","203","117","36","30","6","1.8","3","86","81","6"
"2022/2023","North West","Kano","Kano Municipal","Dan'agundi","Unity College, Kano Municipal","Male","all","WAEC","College of Education","288","284","158","42","39","3","1.8","4","126","117","3"
"2022/2023","North West","Kano","Kano Municipal","Dan'agundi","Unity College, Kano Municipal","Male","disabled","NABTEB","College of Education","15","15","8","0","0","0","1.8","0","7","8","0"
"2022/2023","North West","Kano","Kano Municipal","Dan'agundi","Unity College, Kano Municipal","Male","disabled","NECO","College of Education","23","23","13","6","6","0","1.8","0","10","8","0"
"2022/2023","North West","Kano","Kano Municipal","Dan'agundi","Unity College, Kano Municipal","Male","disabled","WAEC","College of Education","31","31","17","0","0","0","1.8","0","14","17","0"
"2022/2023","North West","Kano","Kano Municipal","Gandun Albasa","Community Secondary School, Gandun Albasa","Female","all","NABTEB","University","166","164","94","30","30","0","1.6","2","70","65","0"
"2022/2023","North West","Kano","Kano Municipal","Gandun Albasa","Community Secondary School, Gandun Albasa","Female","all","NECO","University","270","266","157","53","43","10","1.5","4","109","104","10"
"2022/2023","North West","Kano","Kano Municipal","Gandun Albasa","Community Secondary School, Gandun Albasa","Female","all","WAEC","University","404","398","234","63","56","7","1.5","6","164","172","7"
"2022/2023","North West","Kano","Kano Municipal","Gandun Albasa","Community Secondary School, Gandun Albasa","Female","disabled","NABTEB","University","18","18","12","7","7","0","1.6","0","6","6","0"
"2022/2023","North West","Kano","Kano Municipal","Gandun Albasa","Community Secondary School, Gandun Albasa","Female","disabled","NECO","University","36","35","22","6","6","0","1.5","1","13","16","0"
"2022/2023","North West","Kano","Kano Municipal","Gandun Albasa","Community Secondary School, Gandun Albasa","Female","disabled","WAEC","University","51","50","29","5","6","0","1.5","1","21","25","0"
"2022/2023","North West","Kano","Kano Municipal","Gandun Albasa","Community Secondary School, Gandun Albasa","Male","all","NABTEB","University","203","200","115","30","22","8","1.6","3","85","85","8"
"2022/2023","North West","Kano","Kano Municipal","Gandun Albasa","Community Secondary School, Gandun Albasa","Male","all","NECO","University","315","310","186","53","42","11","1.5","5","124","134","11"
"2022/2023","North West","Kano","Kano Municipal","Gandun Albasa","Community Secondary School, Gandun Albasa","Male","all","WAEC","University","479","472","264","74","62","12","1.5","7","208","191","12"
"2022/2023","North West","Kano","Kano Municipal","Gandun Albasa","Community Secondary School, Gandun Albasa","Male","disabled","NABTEB","University","21","21","12","0","0","0","1.6","0","9","12","0"
"2022/2023","North West","Kano","Kano Municipal","Gandun Albasa","Community Secondary School, Gandun Albasa","Male","disabled","NECO","University","40","39","22","6","6","0","1.5","1","17","16","0"
"2022/2023","North West","Kano","Kano Municipal","Gandun Albasa","Community Secondary School, Gandun Albasa","Male","disabled","WAEC","University","62","61","32","5","6","0","1.5","1","29","27","0"
"2022/2023","North West","Kano","Kano Municipal","Gandun Albasa","Comprehensive High School, Gandun Albasa","Female","all","NABTEB","University","89","88","49","15","15","0","1.6","1","39","34","0"
"2022/2023","North West","Kano","Kano Municipal","Gandun Albasa","Comprehensive High School, Gandun Albasa","Female","all","NECO","University","183","180","110","36","30","6","1.5","3","70","75","6"
"2022/2023","North West","Kano","Kano Municipal","Gandun Albasa","Comprehensive High School, Gandun Albasa","Female","all","WAEC","University","224","221","135","47","45","2","1.5","3","86","88","2"
"2022/2023","North West","Kano","Kano Municipal","Gandun Albasa","Comprehensive High School, Gandun Albasa","Female","disabled","NABTEB","University","14","14","7","0","0","0","1.6","0","7","7","0"
"2022/2023","North West","Kano","Kano Municipal","Gandun Albasa","Comprehensive High School, Gandun Albasa","Female","disabled","NECO","University","23","23","13","6","6","0","1.5","0","10","8","0"
"2022/2023","North West","Kano","Kano Municipal","Gandun Albasa","Comprehensive High School, Gandun Albasa","Female","disabled","WAEC","University","27","27","13","5","6","0","1.5","0","14","8","0"
"2022/2023","North West","Kano","Kano Municipal","Gandun Albasa","Comprehensive High School, Gandun Albasa","Male","all","NABTEB","University","102","100","57","15","15","0","1.6","2","43","43","0"
"2022/2023","North West","Kano","Kano Municipal","Gandun Albasa","Comprehensive High School, Gandun Albasa","Male","all","NECO","University","202","199","117","36","30","6","1.5","3","82","81","6"
"2022/2023","North West","Kano","Kano Municipal","Gandun Albasa","Comprehensive High School, Gandun Albasa","Male","all","WAEC","University","276","272","158","53","45","8","1.5","4","114","105","8"
"2022/2023","North West","Kano","Kano Municipal","Gandun Albasa","Comprehensive High School, Gandun Albasa","Male","disabled","NABTEB","University","15","15","8","0","0","0","1.6","0","7","8","0"
"2022/2023","North West","Kano","Kano Municipal","Gandun Albasa","Comprehensive High School, Gandun Albasa","Male","disabled","NECO","University","27","27","14","6","6","0","1.5","0","14","8","0"
"2022/2023","North West","Kano","Kano Municipal","Gandun Albasa","Comprehensive High School, Gandun Albasa","Male","disabled","WAEC","University","36","35","20","5","6","0","1.5","1","15","15","0"
"2022/2023","North West","Kano","Kano Municipal","Gandun Albasa","Government Secondary School, Gandun Albasa","Female","all","NABTEB","University","162","160","94","22","22","0","1.6","2","66","73","0"
"2022/2023","North West","Kano","Kano Municipal","Gandun Albasa","Government Secondary School, Gandun Albasa","Female","all","NECO","University","316","311","194","65","55","10","1.5","5","117","129","10"
"2022/2023","North West","Kano","Kano Municipal","Gandun Albasa","Government Secondary School, Gandun Albasa","Female","all","WAEC","University","403","397","231","74","62","12","1.5","6","166","157","12"
"2022/2023","North West","Kano","Kano Municipal","Gandun Albasa","Government Secondary School, Gandun Albasa","Female","disabled","NABTEB","University","22","22","13","0","0","0","1.6","0","9","13","0"
"2022/2023","North West","Kano","Kano Municipal","Gandun Albasa","Government Secondary School, Gandun Albasa","Female","disabled","NECO","University","44","43","25","6","6","0","1.5","1","18","19","0"
"2022/2023","North West","Kano","Kano Municipal","Gandun Albasa","Government Secondary School, Gandun Albasa","Female","disabled","WAEC","University","58","57","32","5","6","0","1.5","1","25","27","0"
"2022/2023","North West","Kano","Kano Municipal","Gandun Albasa","Government Secondary School, Gandun Albasa","Male","all","NABTEB","University","166","164","94","22","15","7","1.6","2","70","73","7"
"2022/2023","North West","Kano","Kano Municipal","Gandun Albasa","Government Secondary School, Gandun Albasa","Male","all","NECO","University","302","298","182","53","49","4","1.5","4","116","130","4"
"2022/2023","North West","Kano","Kano Municipal","Gandun Albasa","Government Secondary School, Gandun Albasa","Male","all","WAEC","University","430","424","257","74","62","12","1.5","6","167","183","12"
"2022/2023","North West","Kano","Kano Municipal","Gandun Albasa","Government Secondary School, Gandun Albasa","Male","disabled","NABTEB","University","19","19","13","0","0","0","1.6","0","6","13","0"
"2022/2023","North West","Kano","Kano Municipal","Gandun Albasa","Government Secondary School, Gandun Albasa","Male","disabled","NECO","University","40","39","21","6","6","0","1.5","1","18","15","0"
"2022/2023","North West","Kano","Kano Municipal","Gandun Albasa","Government Secondary School, Gandun Albasa","Male","disabled","WAEC","University","51","50","29","5","6","0","1.5","1","21","25","0"
"2022/2023","North West","Kano","Kano Municipal","Gandun Albasa","Unity College, Kano Municipal","Female","all","NABTEB","College of Education","139","137","90","37","30","7","1.8","2","47","54","7"
"2022/2023","North West","Kano","Kano Municipal","Gandun Albasa","Unity College, Kano Municipal","Female","all","NECO","College of Education","298","294","182","65","55","10","1.8","4","112","118","10"
"2022/2023","North West","Kano","Kano Municipal","Gandun Albasa","Unity College, Kano Municipal","Female","all","WAEC","College of Education","379","373","237","89","84","5","1.8","6","136","148","5"
"2022/2023","North West","Kano","Kano Municipal","Gandun Albasa","Unity College, Kano Municipal","Female","disabled","NABTEB","College of Education","18","18","12","7","7","0","1.8","0","6","6","0"
"2022/2023","North West","Kano","Kano Municipal","Gandun Albasa","Unity College, Kano Municipal","Female","disabled","NECO","College of Education","36","35","18","6","6","0","1.8","1","17","12","0"
"2022/2023","North West","Kano","Kano Municipal","Gandun Albasa","Unity College, Kano Municipal","Female","disabled","WAEC","College of Education","47","46","25","11","11","0","1.8","1","21","15","0"
"2022/2023","North West","Kano","Kano Municipal","Gandun Albasa","Unity College, Kano Municipal","Male","all","NABTEB","College of Education","183","180","116","37","30","7","1.8","3","64","79","7"
"2022/2023","North West","Kano","Kano Municipal","Gandun Albasa","Unity College, Kano Municipal","Male","all","NECO","College of Education","386","380","236","77","67","10","1.8","6","144","159","10"
"2022/2023","North West","Kano","Kano Municipal","Gandun Albasa","Unity College, Kano Municipal","Male","all","WAEC","College of Education","455","448","274","84","73","11","1.8","7","174","191","11"
"2022/2023","North West","Kano","Kano Municipal","Gandun Albasa","Unity College, Kano Municipal","Male","disabled","NABTEB","College of Education","22","22","13","7","7","0","1.8","0","9","6","0"
"2022/2023","North West","Kano","Kano Municipal","Gandun Albasa","Unity College, Kano Municipal","Male","disabled","NECO","College of Education","44","43","25","6","6","0","1.8","1","18","19","0"
"2022/2023","North West","Kano","Kano Municipal","Gandun Albasa","Unity College, Kano Municipal","Male","disabled","WAEC","College of Education","59","58","35","11","11","0","1.8","1","23","25","0"
"2022/2023","North West","Kano","Nasarawa","Dakata","Community Secondary School, Dakata","Female","all","NABTEB","University","117","115","69","30","30","0","1.6","2","46","40","0"
"2022/2023","North West","Kano","Nasarawa","Dakata","Community Secondary School, Dakata","Female","all","NECO","University","214","211","128","48","43","5","1.5","3","83","80","5"
"2022/2023","North West","Kano","Nasarawa","Dakata","Community Secondary School, Dakata","Female","all","WAEC","University","300","296","181","68","62","6","1.5","4","115","114","6"
"2022/2023","North West","Kano","Nasarawa","Dakata","Community Secondary School, Dakata","Female","disabled","NABTEB","University","14","14","7","7","7","1","1.6","0","7","0","1"
"2022/2023","North West","Kano","Nasarawa","Dakata","Community Secondary School, Dakata","Female","disabled","NECO","University","19","19","10","6","6","0","1.5","0","9","5","0"
"2022/2023","North West","Kano","Nasarawa","Dakata","Community Secondary School, Dakata","Female","disabled","WAEC","University","23","23","13","5","6","0","1.5","0","10","8","0"
"2022/2023","North West","Kano","Nasarawa","Dakata","Community Secondary School, Dakata","Male","all","NABTEB","University","121","119","69","15","15","0","1.6","2","50","55","0"
"2022/2023","North West","Kano","Nasarawa","Dakata","Community Secondary School, Dakata","Male","all","NECO","University","242","238","139","48","43","5","1.5","4","99","91","5"
"2022/2023","North West","Kano","Nasarawa","Dakata","Community Secondary School, Dakata","Male","all","WAEC","University","328","323","194","74","67","7","1.5","5","129","121","7"
"2022/2023","North West","Kano","Nasarawa","Dakata","Community Secondary School, Dakata","Male","disabled","NABTEB","University","15","15","8","0","0","0","1.6","0","7","8","0"
"2022/2023","North West","Kano","Nasarawa","Dakata","Community Secondary School, Dakata","Male","disabled","NECO","University","19","19","10","6","6","0","1.5","0","9","5","0"
"2022/2023","North West","Kano","Nasarawa","Dakata","Community Secondary School, Dakata","Male","disabled","WAEC","University","27","27","17","5","5","0","1.5","0","10","12","0"
"2022/2023","North West","Kano","Nasarawa","Dakata","Comprehensive High School, Dakata","Female","all","NABTEB","Polytechnic","97","96","61","15","15","0","1.7","1","35","47","0"
"2022/2023","North West","Kano","Nasarawa","Dakata","Comprehensive High School, Dakata","Female","all","NECO","Polytechnic","154","152","85","24","18","6","1.6","2","67","61","6"
"2022/2023","North West","Kano","Nasarawa","Dakata","Comprehensive High School, Dakata","Female","all","WAEC","Polytechnic","252","248","138","42","39","3","1.6","4","110","96","3"
"2022/2023","North West","Kano","Nasarawa","Dakata","Comprehensive High School, Dakata","Female","disabled","NABTEB","Polytechnic","15","15","8","0","0","0","1.7","0","7","8","0"
"2022/2023","North West","Kano","Nasarawa","Dakata","Comprehensive High School, Dakata","Female","disabled","NECO","Polytechnic","19","19","10","0","0","0","1.6","0","9","10","0"
"2022/2023","North West","Kano","Nasarawa","Dakata","Comprehensive High School, Dakata","Female","disabled","WAEC","Polytechnic","36","35","20","5","5","0","1.6","1","15","15","0"
"2022/2023","North West","Kano","Nasarawa","Dakata","Comprehensive High School, Dakata","Male","all","NABTEB","Polytechnic","98","97","58","15","15","0","1.7","1","39","43","0"
"2022/2023","North West","Kano","Nasarawa","Dakata","Comprehensive High School, Dakata","Male","all","NECO","Polytechnic","154","152","85","24","18","6","1.6","2","67","61","6"
"2022/2023","North West","Kano","Nasarawa","Dakata","Comprehensive High School, Dakata","Male","all","WAEC","Polytechnic","221","218","125","42","39","3","1.6","3","93","84","3"
"2022/2023","North West","Kano","Nasarawa","Dakata","Comprehensive High School, Dakata","Male","disabled","NABTEB","Polytechnic","15","15","8","0","0","0","1.7","0","7","8","0"
"2022/2023","North West","Kano","Nasarawa","Dakata","Comprehensive High School, Dakata","Male","disabled","NECO","Polytechnic","19","19","10","6","6","0","1.6","0","9","5","0"
"2022/2023","North West","Kano","Nasarawa","Dakata","Comprehensive High School, Dakata","Male","disabled","WAEC","Polytechnic","27","27","17","5","5","0","1.6","0","10","12","0"
"2022/2023","North West","Kano","Nasarawa","Dakata","Government Secondary School, Dakata","Female","all","NABTEB","Polytechnic","162","160","98","30","22","8","1.7","2","62","69","8"
"2022/2023","North West","Kano","Nasarawa","Dakata","Government Secondary School, Dakata","Female","all","NECO","Polytechnic","307","302","186","59","49","10","1.6","5","116","128","10"
"2022/2023","North West","Kano","Nasarawa","Dakata","Government Secondary School, Dakata","Female","all","WAEC","Polytechnic","407","401","234","84","73","11","1.6","6","167","150","11"
"2022/2023","North West","Kano","Nasarawa","Dakata","Government Secondary School, Dakata","Female","disabled","NABTEB","Polytechnic","22","22","13","0","0","0","1.7","0","9","13","0"
"2022/2023","North West","Kano","Nasarawa","Dakata","Government Secondary School, Dakata","Female","disabled","NECO","Polytechnic","44","43","25","6","6","0","1.6","1","18","19","0"
"2022/2023","North West","Kano","Nasarawa","Dakata","Government Secondary School, Dakata","Female","disabled","WAEC","Polytechnic","59","58","32","11","11","0","1.6","1","26","22","0"
"2022/2023","North West","Kano","Nasarawa","Dakata","Government Secondary School, Dakata","Male","all","NABTEB","Polytechnic","215","212","127","37","30","7","1.7","3","85","91","7"
"2022/2023","North West","Kano","Nasarawa","Dakata","Government Secondary School, Dakata","Male","all","NECO","Polytechnic","361","356","211","65","55","10","1.6","5","145","146","10"
"2022/2023","North West","Kano","Nasarawa","Dakata","Government Secondary School, Dakata","Male","all","WAEC","Polytechnic","483","476","277","89","84","5","1.6","7","199","189","5"
"2022/2023","North West","Kano","Nasarawa","Dakata","Government Secondary School, Dakata","Male","disabled","NABTEB","Polytechnic","25","25","16","8","8","0","1.7","0","9","9","0"
"2022/2023","North West","Kano","Nasarawa","Dakata","Government Secondary School, Dakata","Male","disabled","NECO","Polytechnic","48","47","29","6","6","0","1.6","1","18","23","0"
"2022/2023","North West","Kano","Nasarawa","Dakata","Government Secondary School, Dakata","Male","disabled","WAEC","Polytechnic","66","65","39","11","11","0","1.6","1","26","29","0"
"2022/2023","North West","Kano","Nasarawa","Dakata","Unity College, Nasarawa","Female","all","NABTEB","College of Education","97","96","57","15","15","0","1.8","1","39","43","0"
"2022/2023","North West","Kano","Nasarawa","Dakata","Unity College, Nasarawa","Female","all","NECO","College of Education","199","196","114","42","36","6","1.8","3","82","73","6"
"2022/2023","North West","Kano","Nasarawa","Dakata","Unity College, Nasarawa","Female","all","WAEC","College of Education","232","229","135","47","39","8","1.8","3","94","88","8"
"2022/2023","North West","Kano","Nasarawa","Dakata","Unity College, Nasarawa","Female","disabled","NABTEB","College of Education","14","14","7","0","0","0","1.8","0","7","7","0"
"2022/2023","North West","Kano","Nasarawa","Dakata","Unity College, Nasarawa","Female","disabled","NECO","College of Education","15","15","7","6","6","0","1.8","0","8","1","0"
"2022/2023","North West","Kano","Nasarawa","Dakata","Unity College, Nasarawa","Female","disabled","WAEC","College of Education","19","19","10","5","5","0","1.8","0","10","5","0"
"2022/2023","North West","Kano","Nasarawa","Dakata","Unity College, Nasarawa","Male","all","NABTEB","College of Education","113","111","65","15","15","0","1.8","2","46","51","0"
"2022/2023","North West","Kano","Nasarawa","Dakata","Unity College, Nasarawa","Male","all","NECO","College of Education","239","235","139","48","43","5","1.8","4","96","92","5"
"2022/2023","North West","Kano","Nasarawa","Dakata","Unity College, Nasarawa","Male","all","WAEC","College of Education","288","284","175","53","45","8","1.8","4","109","123","8"
"2022/2023","North West","Kano","Nasarawa","Dakata","Unity College, Nasarawa","Male","disabled","NABTEB","College of Education","14","14","7","0","0","0","1.8","0","7","7","0"
"2022/2023","North West","Kano","Nasarawa","Dakata","Unity College, Nasarawa","Male","disabled","NECO","College of Education","19","19","10","6","6","0","1.8","0","9","5","0"
"2022/2023","North West","Kano","Nasarawa","Dakata","Unity College, Nasarawa","Male","disabled","WAEC","College of Education","23","23","12","5","6","0","1.8","0","11","8","0"
"2022/2023","North West","Kano","Nasarawa","Gama","Community Secondary School, Gama","Female","all","NABTEB","College of Education","89","88","49","15","15","0","1.8","1","39","34","0"
"2022/2023","North West","Kano","Nasarawa","Gama","Community Secondary School, Gama","Female","all","NECO","College of Education","166","164","92","30","24","6","1.8","2","72","63","6"
"2022/2023","North West","Kano","Nasarawa","Gama","Community Secondary School, Gama","Female","all","WAEC","College of Education","220","217","128","47","45","2","1.8","3","89","81","2"
"2022/2023","North West","Kano","Nasarawa","Gama","Community Secondary School, Gama","Female","disabled","NABTEB","College of Education","14","14","7","0","0","0","1.8","0","7","7","0"
"2022/2023","North West","Kano","Nasarawa","Gama","Community Secondary School, Gama","Female","disabled","NECO","College of Education","19","19","10","6","6","0","1.8","0","9","5","0"
"2022/2023","North West","Kano","Nasarawa","Gama","Community Secondary School, Gama","Female","disabled","WAEC","College of Education","27","27","13","5","6","0","1.8","0","14","8","0"
"2022/2023","North West","Kano","Nasarawa","Gama","Community Secondary School, Gama","Male","all","NABTEB","College of Education","89","88","53","15","15","0","1.8","1","35","38","0"
"2022/2023","North West","Kano","Nasarawa","Gama","Community Secondary School, Gama","Male","all","NECO","College of Education","147","145","89","30","24","6","1.8","2","56","60","6"
"2022/2023","North West","Kano","Nasarawa","Gama","Community Secondary School, Gama","Male","all","WAEC","College of Education","197","194","112","32","28","4","1.8","3","82","81","4"
"2022/2023","North West","Kano","Nasarawa","Gama","Community Secondary School, Gama","Male","disabled","NABTEB","College of Education","14","14","7","0","0","0","1.8","0","7","7","0"
"2022/2023","North West","Kano","Nasarawa","Gama","Community Secondary School, Gama","Male","disabled","NECO","College of Education","15","15","10","6","6","0","1.8","0","5","5","0"
"2022/2023","North West","Kano","Nasarawa","Gama","Community Secondary School, Gama","Male","disabled","WAEC","College of Education","23","23","12","5","6","0","1.8","0","11","8","0"
"2022/2023","North West","Kano","Nasarawa","Gama","Comprehensive High School, Gama","Female","all","NABTEB","College of Education","127","125","77","22","15","7","1.8","2","48","55","7"
"2022/2023","North West","Kano","Nasarawa","Gama","Comprehensive High School, Gama","Female","all","NECO","College of Education","258","254","139","48","43","5","1.8","4","115","91","5"
"2022/2023","North West","Kano","Nasarawa","Gama","Comprehensive High School, Gama","Female","all","WAEC","College of Education","337","332","195","63","56","7","1.8","5","137","132","7"
"2022/2023","North West","Kano","Nasarawa","Gama","Comprehensive High School, Gama","Female","disabled","NABTEB","College of Education","14","14","7","0","0","0","1.8","0","7","7","0"
"2022/2023","North West","Kano","Nasarawa","Gama","Comprehensive High School, Gama","Female","disabled","NECO","College of Education","19","19","10","6","6","0","1.8","0","9","5","0"
"2022/2023","North West","Kano","Nasarawa","Gama","Comprehensive High School, Gama","Female","disabled","WAEC","College of Education","27","27","13","5","6","0","1.8","0","14","8","0"
"2022/2023","North West","Kano","Nasarawa","Gama","Comprehensive High School, Gama","Male","all","NABTEB","College of Education","143","141","82","22","15","7","1.8","2","59","61","7"
"2022/2023","North West","Kano","Nasarawa","Gama","Comprehensive High School, Gama","Male","all","NECO","College of Education","278","274","153","42","36","6","1.8","4","121","111","6"
"2022/2023","North West","Kano","Nasarawa","Gama","Comprehensive High School, Gama","Male","all","WAEC","College of Education","383","377","211","58","50","8","1.8","6","166","153","8"
"2022/2023","North West","Kano","Nasarawa","Gama","Comprehensive High School, Gama","Male","disabled","NABTEB","College of Education","14","14","7","0","0","0","1.8","0","7","7","0"
"2022/2023","North West","Kano","Nasarawa","Gama","Comprehensive High School, Gama","Male","disabled","NECO","College of Education","23","23","13","6","6","0","1.8","0","10","8","0"
"2022/2023","North West","Kano","Nasarawa","Gama","Comprehensive High School, Gama","Male","disabled","WAEC","College of Education","31","31","17","5","5","0","1.8","0","14","12","0"
"2022/2023","North West","Kano","Nasarawa","Gama","Government Secondary School, Gama","Female","all","NABTEB","University","158","156","98","37","30","7","1.6","2","58","62","7"
"2022/2023","North West","Kano","Nasarawa","Gama","Government Secondary School, Gama","Female","all","NECO","University","271","267","168","53","43","10","1.5","4","99","116","10"
"2022/2023","North West","Kano","Nasarawa","Gama","Government Secondary School, Gama","Female","all","WAEC","University","388","382","234","79","73","6","1.5","6","148","156","6"
"2022/2023","North West","Kano","Nasarawa","Gama","Government Secondary School, Gama","Female","disabled","NABTEB","University","14","14","7","7","7","0","1.6","0","7","0","0"
"2022/2023","North West","Kano","Nasarawa","Gama","Government Secondary School, Gama","Female","disabled","NECO","University","23","23","13","6","6","0","1.5","0","10","8","0"
"2022/2023","North West","Kano","Nasarawa","Gama","Government Secondary School, Gama","Female","disabled","WAEC","University","36","35","20","5","6","0","1.5","1","15","15","0"
"2022/2023","North West","Kano","Nasarawa","Gama","Government Secondary School, Gama","Male","all","NABTEB","University","158","156","94","30","22","8","1.6","2","62","65","8"
"2022/2023","North West","Kano","Nasarawa","Gama","Government Secondary School, Gama","Male","all","NECO","University","262","258","157","53","49","4","1.5","4","101","104","4"
"2022/2023","North West","Kano","Nasarawa","Gama","Government Secondary School, Gama","Male","all","WAEC","University","344","339","214","74","67","7","1.5","5","125","141","7"
"2022/2023","North West","Kano","Nasarawa","Gama","Government Secondary School, Gama","Male","disabled","NABTEB","University","14","14","7","0","0","0","1.6","0","7","7","0"
"2022/2023","North West","Kano","Nasarawa","Gama","Government Secondary School, Gama","Male","disabled","NECO","University","23","23","13","6","6","0","1.5","0","10","8","0"
"2022/2023","North West","Kano","Nasarawa","Gama","Government Secondary School, Gama","Male","disabled","WAEC","University","36","35","20","5","6","0","1.5","1","15","15","0"
"2022/2023","North West","Kano","Nasarawa","Gama","Unity College, Nasarawa","Female","all","NABTEB","College of Education","89","88","53","22","22","0","1.8","1","35","31","0"
"2022/2023","North West","Kano","Nasarawa","Gama","Unity College, Nasarawa","Female","all","NECO","College of Education","175","172","107","42","36","6","1.8","3","65","66","6"
"2022/2023","North West","Kano","Nasarawa","Gama","Unity College, Nasarawa","Female","all","WAEC","College of Education","236","232","150","52","44","8","1.8","4","82","98","8"
"2022/2023","North West","Kano","Nasarawa","Gama","Unity College, Nasarawa","Female","disabled","NABTEB","College of Education","14","14","7","7","7","0","1.8","0","7","0","0"
"2022/2023","North West","Kano","Nasarawa","Gama","Unity College, Nasarawa","Female","disabled","NECO","College of Education","19","19","10","6","6","0","1.8","0","9","5","0"
"2022/2023","North West","Kano","Nasarawa","Gama","Unity College, Nasarawa","Female","disabled","WAEC","College of Education","27","27","17","5","6","0","1.8","0","10","12","0"
"2022/2023","North West","Kano","Nasarawa","Gama","Unity College, Nasarawa","Male","all","NABTEB","College of Education","89","88","53","22","22","0","1.8","1","35","31","0"
"2022/2023","North West","Kano","Nasarawa","Gama","Unity College, Nasarawa","Male","all","NECO","College of Education","171","168","99","36","30","6","1.8","3","69","64","6"
"2022/2023","North West","Kano","Nasarawa","Gama","Unity College, Nasarawa","Male","all","WAEC","College of Education","240","236","148","47","45","2","1.8","4","88","101","2"
"2022/2023","North West","Kano","Nasarawa","Gama","Unity College, Nasarawa","Male","disabled","NABTEB","College of Education","14","14","7","7","7","0","1.8","0","7","0","0"
"2022/2023","North West","Kano","Nasarawa","Gama","Unity College, Nasarawa","Male","disabled","NECO","College of Education","19","19","10","6","6","0","1.8","0","9","5","0"
"2022/2023","North West","Kano","Nasarawa","Gama","Unity College, Nasarawa","Male","disabled","WAEC","College of Education","27","27","17","5","6","0","1.8","0","10","12","0"
"2022/2023","North West","Kano","Nasarawa","Gawuna","Community Secondary School, Gawuna","Female","all","NABTEB","University","82","81","49","22","22","0","1.6","1","32","28","0"
"2022/2023","North West","Kano","Nasarawa","Gawuna","Community Secondary School, Gawuna","Female","all","NECO","University","119","117","78","36","30","6","1.5","2","39","43","6"
"2022/2023","North West","Kano","Nasarawa","Gawuna","Community Secondary School, Gawuna","Female","all","WAEC","University","174","171","102","42","39","3","1.5","3","69","61","3"
"2022/2023","North West","Kano","Nasarawa","Gawuna","Community Secondary School, Gawuna","Female","disabled","NABTEB","University","14","14","7","7","7","0","1.6","0","7","0","0"
"2022/2023","North West","Kano","Nasarawa","Gawuna","Community Secondary School, Gawuna","Female","disabled","NECO","University","15","15","10","6","6","0","1.5","0","5","5","0"
"2022/2023","North West","Kano","Nasarawa","Gawuna","Community Secondary School, Gawuna","Female","disabled","WAEC","University","19","19","10","5","5","0","1.5","0","10","5","0"
"2022/2023","North West","Kano","Nasarawa","Gawuna","Community Secondary School, Gawuna","Male","all","NABTEB","University","78","77","44","15","15","0","1.6","1","33","29","0"
"2022/2023","North West","Kano","Nasarawa","Gawuna","Community Secondary School, Gawuna","Male","all","NECO","University","119","117","74","30","24","6","1.5","2","43","45","6"
"2022/2023","North West","Kano","Nasarawa","Gawuna","Community Secondary School, Gawuna","Male","all","WAEC","University","169","166","102","37","34","3","1.5","3","64","65","3"
"2022/2023","North West","Kano","Nasarawa","Gawuna","Community Secondary School, Gawuna","Male","disabled","NABTEB","University","14","14","7","0","0","0","1.6","0","7","7","0"
"2022/2023","North West","Kano","Nasarawa","Gawuna","Community Secondary School, Gawuna","Male","disabled","NECO","University","15","15","10","6","6","0","1.5","0","5","5","0"
"2022/2023","North West","Kano","Nasarawa","Gawuna","Community Secondary School, Gawuna","Male","disabled","WAEC","University","19","19","10","5","5","0","1.5","0","10","5","0"
"2022/2023","North West","Kano","Nasarawa","Gawuna","Comprehensive High School, Gawuna","Female","all","NABTEB","Polytechnic","97","96","61","22","22","0","1.7","1","35","40","0"
"2022/2023","North West","Kano","Nasarawa","Gawuna","Comprehensive High School, Gawuna","Female","all","NECO","Polytechnic","195","192","114","36","30","6","1.6","3","78","79","6"
"2022/2023","North West","Kano","Nasarawa","Gawuna","Comprehensive High School, Gawuna","Female","all","WAEC","Polytechnic","260","256","161","58","50","8","1.6","4","95","103","8"
"2022/2023","North West","Kano","Nasarawa","Gawuna","Comprehensive High School, Gawuna","Female","disabled","NABTEB","Polytechnic","14","14","7","7","7","0","1.7","0","7","0","0"
"2022/2023","North West","Kano","Nasarawa","Gawuna","Comprehensive High School, Gawuna","Female","disabled","NECO","Polytechnic","27","27","14","6","6","0","1.6","0","14","8","0"
"2022/2023","North West","Kano","Nasarawa","Gawuna","Comprehensive High School, Gawuna","Female","disabled","WAEC","Polytechnic","36","35","20","5","6","0","1.6","1","15","15","0"
"2022/2023","North West","Kano","Nasarawa","Gawuna","Comprehensive High School, Gawuna","Male","all","NABTEB","Polytechnic","109","107","61","15","15","0","1.7","2","46","46","0"
"2022/2023","North West","Kano","Nasarawa","Gawuna","Comprehensive High School, Gawuna","Male","all","NECO","Polytechnic","198","195","117","36","30","6","1.6","3","78","81","6"
"2022/2023","North West","Kano","Nasarawa","Gawuna","Comprehensive High School, Gawuna","Male","all","WAEC","Polytechnic","256","252","148","47","45","2","1.6","4","104","101","2"
"2022/2023","North West","Kano","Nasarawa","Gawuna","Comprehensive High School, Gawuna","Male","disabled","NABTEB","Polytechnic","14","14","7","0","0","0","1.7","0","7","7","0"
"2022/2023","North West","Kano","Nasarawa","Gawuna","Comprehensive High School, Gawuna","Male","disabled","NECO","Polytechnic","27","27","14","6","6","0","1.6","0","14","8","0"
"2022/2023","North West","Kano","Nasarawa","Gawuna","Comprehensive High School, Gawuna","Male","disabled","WAEC","Polytechnic","36","35","20","5","5","0","1.6","1","15","15","0"
"2022/2023","North West","Kano","Nasarawa","Gawuna","Government Secondary School, Gawuna","Female","all","NABTEB","Polytechnic","166","164","102","30","22","8","1.7","2","62","73","8"
"2022/2023","North West","Kano","Nasarawa","Gawuna","Government Secondary School, Gawuna","Female","all","NECO","Polytechnic","315","310","186","48","43","5","1.6","5","124","139","5"
"2022/2023","North West","Kano","Nasarawa","Gawuna","Government Secondary School, Gawuna","Female","all","WAEC","Polytechnic","467","460","271","79","73","6","1.6","7","189","193","6"
"2022/2023","North West","Kano","Nasarawa","Gawuna","Government Secondary School, Gawuna","Female","disabled","NABTEB","Polytechnic","14","14","7","0","0","0","1.7","0","7","7","0"
"2022/2023","North West","Kano","Nasarawa","Gawuna","Government Secondary School, Gawuna","Female","disabled","NECO","Polytechnic","31","31","18","6","6","0","1.6","0","13","12","0"
"2022/2023","North West","Kano","Nasarawa","Gawuna","Government Secondary School, Gawuna","Female","disabled","WAEC","Polytechnic","43","42","22","5","5","0","1.6","1","20","18","0"
"2022/2023","North West","Kano","Nasarawa","Gawuna","Government Secondary School, Gawuna","Male","all","NABTEB","Polytechnic","182","179","98","22","15","7","1.7","3","81","77","7"
"2022/2023","North West","Kano","Nasarawa","Gawuna","Government Secondary School, Gawuna","Male","all","NECO","Polytechnic","353","348","193","42","36","6","1.6","5","155","151","6"
"2022/2023","North West","Kano","Nasarawa","Gawuna","Government Secondary School, Gawuna","Male","all","WAEC","Polytechnic","463","456","267","68","62","6","1.6","7","189","200","6"
"2022/2023","North West","Kano","Nasarawa","Gawuna","Government Secondary School, Gawuna","Male","disabled","NABTEB","Polytechnic","14","14","7","0","0","0","1.7","0","7","7","0"
"2022/2023","North West","Kano","Nasarawa","Gawuna","Government Secondary School, Gawuna","Male","disabled","NECO","Polytechnic","31","31","18","0","0","0","1.6","0","13","18","0"
"2022/2023","North West","Kano","Nasarawa","Gawuna","Government Secondary School, Gawuna","Male","disabled","WAEC","Polytechnic","47","46","25","5","5","0","1.6","1","21","21","0"
"2022/2023","North West","Kano","Nasarawa","Gawuna","Unity College, Nasarawa","Female","all","NABTEB","College of Education","150","148","86","30","30","0","1.8","2","62","56","0"
"2022/2023","North West","Kano","Nasarawa","Gawuna","Unity College, Nasarawa","Female","all","NECO","College of Education","278","274","160","59","49","10","1.8","4","114","101","10"
"2022/2023","North West","Kano","Nasarawa","Gawuna","Unity College, Nasarawa","Female","all","WAEC","College of Education","403","397","228","84","73","11","1.8","6","169","144","11"
"2022/2023","North West","Kano","Nasarawa","Gawuna","Unity College, Nasarawa","Female","disabled","NABTEB","College of Education","14","14","7","7","7","0","1.8","0","7","0","0"
"2022/2023","North West","Kano","Nasarawa","Gawuna","Unity College, Nasarawa","Female","disabled","NECO","College of Education","27","27","17","6","6","0","1.8","0","10","12","0"
"2022/2023","North West","Kano","Nasarawa","Gawuna","Unity College, Nasarawa","Female","disabled","WAEC","College of Education","36","35","20","5","6","0","1.8","1","15","15","0"
"2022/2023","North West","Kano","Nasarawa","Gawuna","Unity College, Nasarawa","Male","all","NABTEB","College of Education","171","168","103","30","22","8","1.8","3","65","73","8"
"2022/2023","North West","Kano","Nasarawa","Gawuna","Unity College, Nasarawa","Male","all","NECO","College of Education","349","344","200","65","55","10","1.8","5","144","135","10"
"2022/2023","North West","Kano","Nasarawa","Gawuna","Unity College, Nasarawa","Male","all","WAEC","College of Education","455","448","267","89","84","5","1.8","7","181","179","5"
"2022/2023","North West","Kano","Nasarawa","Gawuna","Unity College, Nasarawa","Male","disabled","NABTEB","College of Education","18","18","8","0","0","0","1.8","0","10","8","0"
"2022/2023","North West","Kano","Nasarawa","Gawuna","Unity College, Nasarawa","Male","disabled","NECO","College of Education","31","31","18","6","6","0","1.8","0","13","12","0"
"2022/2023","North West","Kano","Nasarawa","Gawuna","Unity College, Nasarawa","Male","disabled","WAEC","College of Education","43","42","25","5","5","0","1.8","1","17","21","0"
"2023/2024","North West","Kano","Dala","Adakawa","Community Secondary School, Adakawa","Female","all","NABTEB","University","150","148","88","30","23","7","1.4","2","60","59","7"
"2023/2024","North West","Kano","Dala","Adakawa","Community Secondary School, Adakawa","Female","all","NECO","University","316","311","189","58","52","6","1.3","5","122","132","6"
"2023/2024","North West","Kano","Dala","Adakawa","Community Secondary School, Adakawa","Female","all","WAEC","University","475","468","299","93","87","6","1.3","7","169","206","6"
"2023/2024","North West","Kano","Dala","Adakawa","Community Secondary School, Adakawa","Female","disabled","NABTEB","University","15","15","8","7","7","0","1.4","0","7","2","0"
"2023/2024","North West","Kano","Dala","Adakawa","Community Secondary School, Adakawa","Female","disabled","NECO","University","27","27","14","6","7","0","1.3","0","13","8","0"
"2023/2024","North West","Kano","Dala","Adakawa","Community Secondary School, Adakawa","Female","disabled","WAEC","University","42","41","21","6","6","0","1.3","1","20","16","0"
"2023/2024","North West","Kano","Dala","Adakawa","Community Secondary School, Adakawa","Male","all","NABTEB","University","178","175","106","30","23","7","1.4","3","69","77","7"
"2023/2024","North West","Kano","Dala","Adakawa","Community Secondary School, Adakawa","Male","all","NECO","University","294","290","181","58","52","6","1.3","4","109","124","6"
"2023/2024","North West","Kano","Dala","Adakawa","Community Secondary School, Adakawa","Male","all","WAEC","University","513","505","316","99","87","12","1.3","8","189","218","12"
"2023/2024","North West","Kano","Dala","Adakawa","Community Secondary School, Adakawa","Male","disabled","NABTEB","University","15","15","8","0","0","0","1.4","0","7","8","0"
"2023/2024","North West","Kano","Dala","Adakawa","Community Secondary School, Adakawa","Male","disabled","NECO","University","27","27","14","6","7","0","1.3","0","13","8","0"
"2023/2024","North West","Kano","Dala","Adakawa","Community Secondary School, Adakawa","Male","disabled","WAEC","University","46","45","25","6","6","0","1.3","1","20","20","0"
"2023/2024","North West","Kano","Dala","Adakawa","Comprehensive High School, Adakawa","Female","all","NABTEB","College of Education","70","69","44","15","15","0","1.6","1","25","30","0"
"2023/2024","North West","Kano","Dala","Adakawa","Comprehensive High School, Adakawa","Female","all","NECO","College of Education","112","110","69","32","26","6","1.6","2","41","38","6"
"2023/2024","North West","Kano","Dala","Adakawa","Comprehensive High School, Adakawa","Female","all","WAEC","College of Education","160","158","95","35","31","4","1.6","2","63","61","4"
"2023/2024","North West","Kano","Dala","Adakawa","Comprehensive High School, Adakawa","Female","disabled","NABTEB","College of Education","15","15","8","7","7","0","1.6","0","7","2","0"
"2023/2024","North West","Kano","Dala","Adakawa","Comprehensive High School, Adakawa","Female","disabled","NECO","College of Education","15","15","8","6","7","0","1.6","0","8","2","0"
"2023/2024","North West","Kano","Dala","Adakawa","Comprehensive High School, Adakawa","Female","disabled","WAEC","College of Education","19","19","10","5","5","0","1.6","0","9","5","0"
"2023/2024","North West","Kano","Dala","Adakawa","Comprehensive High School, Adakawa","Male","all","NABTEB","College of Education","90","89","57","15","15","0","1.6","1","32","43","0"
"2023/2024","North West","Kano","Dala","Adakawa","Comprehensive High School, Adakawa","Male","all","NECO","College of Education","133","131","82","26","26","0","1.6","2","49","56","0"
"2023/2024","North West","Kano","Dala","Adakawa","Comprehensive High School, Adakawa","Male","all","WAEC","College of Education","164","162","95","29","25","4","1.6","2","67","67","4"
"2023/2024","North West","Kano","Dala","Adakawa","Comprehensive High School, Adakawa","Male","disabled","NABTEB","College of Education","15","15","8","0","0","0","1.6","0","7","8","0"
"2023/2024","North West","Kano","Dala","Adakawa","Comprehensive High School, Adakawa","Male","disabled","NECO","College of Education","15","15","8","6","7","0","1.6","0","8","2","0"
"2023/2024","North West","Kano","Dala","Adakawa","Comprehensive High School, Adakawa","Male","disabled","WAEC","College of Education","19","19","10","5","5","0","1.6","0","9","5","0"
"2023/2024","North West","Kano","Dala","Adakawa","Government Secondary School, Adakawa","Female","all","NABTEB","College of Education","214","211","130","52","45","7","1.6","3","81","78","7"
"2023/2024","North West","Kano","Dala","Adakawa","Government Secondary School, Adakawa","Female","all","NECO","College of Education","379","373","245","83","71","12","1.6","6","128","162","12"
"2023/2024","North West","Kano","Dala","Adakawa","Government Secondary School, Adakawa","Female","all","WAEC","College of Education","483","476","310","128","118","10","1.6","7","166","182","10"
"2023/2024","North West","Kano","Dala","Adakawa","Government Secondary School, Adakawa","Female","disabled","NABTEB","College of Education","23","23","13","7","7","0","1.6","0","10","6","0"
"2023/2024","North West","Kano","Dala","Adakawa","Government Secondary School, Adakawa","Female","disabled","NECO","College of Education","45","44","26","7","7","0","1.6","1","18","20","0"
"2023/2024","North West","Kano","Dala","Adakawa","Government Secondary School, Adakawa","Female","disabled","WAEC","College of Education","50","49","29","11","12","0","1.6","1","20","19","0"
"2023/2024","North West","Kano","Dala","Adakawa","Government Secondary School, Adakawa","Male","all","NABTEB","College of Education","194","191","124","37","30","7","1.6","3","67","88","7"
"2023/2024","North West","Kano","Dala","Adakawa","Government Secondary School, Adakawa","Male","all","NECO","College of Education","395","389","240","83","71","12","1.6","6","149","158","12"
"2023/2024","North West","Kano","Dala","Adakawa","Government Secondary School, Adakawa","Male","all","WAEC","College of Education","444","437","272","93","80","13","1.6","7","165","179","13"
"2023/2024","North West","Kano","Dala","Adakawa","Government Secondary School, Adakawa","Male","disabled","NABTEB","College of Education","19","19","12","7","7","0","1.6","0","7","6","0"
"2023/2024","North West","Kano","Dala","Adakawa","Government Secondary School, Adakawa","Male","disabled","NECO","College of Education","41","40","26","6","7","0","1.6","1","14","20","0"
"2023/2024","North West","Kano","Dala","Adakawa","Government Secondary School, Adakawa","Male","disabled","WAEC","College of Education","50","49","29","6","6","0","1.6","1","20","24","0"
"2023/2024","North West","Kano","Dala","Adakawa","Unity College, Dala","Female","all","NABTEB","University","161","159","97","37","30","7","1.4","2","62","61","7"
"2023/2024","North West","Kano","Dala","Adakawa","Unity College, Dala","Female","all","NECO","University","286","282","174","58","52","6","1.3","4","108","117","6"
"2023/2024","North West","Kano","Dala","Adakawa","Unity College, Dala","Female","all","WAEC","University","431","425","261","87","80","7","1.3","6","164","175","7"
"2023/2024","North West","Kano","Dala","Adakawa","Unity College, Dala","Female","disabled","NABTEB","University","23","23","13","7","7","0","1.4","0","10","6","0"
"2023/2024","North West","Kano","Dala","Adakawa","Unity College, Dala","Female","disabled","NECO","University","41","40","22","6","7","0","1.3","1","18","17","0"
"2023/2024","North West","Kano","Dala","Adakawa","Unity College, Dala","Female","disabled","WAEC","University","58","57","36","11","12","0","1.3","1","21","25","0"
"2023/2024","North West","Kano","Dala","Adakawa","Unity College, Dala","Male","all","NABTEB","University","165","163","102","22","15","7","1.4","2","61","81","7"
"2023/2024","North West","Kano","Dala","Adakawa","Unity College, Dala","Male","all","NECO","University","278","274","174","51","45","6","1.3","4","100","124","6"
"2023/2024","North West","Kano","Dala","Adakawa","Unity College, Dala","Male","all","WAEC","University","398","392","254","70","62","8","1.3","6","138","185","8"
"2023/2024","North West","Kano","Dala","Adakawa","Unity College, Dala","Male","disabled","NABTEB","University","19","19","13","0","0","0","1.4","0","6","13","0"
"2023/2024","North West","Kano","Dala","Adakawa","Unity College, Dala","Male","disabled","NECO","University","41","40","22","6","7","0","1.3","1","18","17","0"
"2023/2024","North West","Kano","Dala","Adakawa","Unity College, Dala","Male","disabled","WAEC","University","50","49","29","6","6","0","1.3","1","20","24","0"
"2023/2024","North West","Kano","Dala","Bakin Ruwa","Community Secondary School, Bakin Ruwa","Female","all","NABTEB","College of Education","197","194","115","45","38","7","1.6","3","79","70","7"
"2023/2024","North West","Kano","Dala","Bakin Ruwa","Community Secondary School, Bakin Ruwa","Female","all","NECO","College of Education","432","426","255","77","65","12","1.6","6","171","179","12"
"2023/2024","North West","Kano","Dala","Bakin Ruwa","Community Secondary School, Bakin Ruwa","Female","all","WAEC","College of Education","498","491","302","104","93","11","1.6","7","189","198","11"
"2023/2024","North West","Kano","Dala","Bakin Ruwa","Community Secondary School, Bakin Ruwa","Female","disabled","NABTEB","College of Education","19","19","9","7","7","0","1.6","0","10","2","0"
"2023/2024","North West","Kano","Dala","Bakin Ruwa","Community Secondary School, Bakin Ruwa","Female","disabled","NECO","College of Education","40","39","22","7","7","0","1.6","1","17","15","0"
"2023/2024","North West","Kano","Dala","Bakin Ruwa","Community Secondary School, Bakin Ruwa","Female","disabled","WAEC","College of Education","55","54","30","12","12","0","1.6","1","24","18","0"
"2023/2024","North West","Kano","Dala","Bakin Ruwa","Community Secondary School, Bakin Ruwa","Male","all","NABTEB","College of Education","181","178","106","30","23","7","1.6","3","72","76","7"
"2023/2024","North West","Kano","Dala","Bakin Ruwa","Community Secondary School, Bakin Ruwa","Male","all","NECO","College of Education","375","369","233","64","58","6","1.6","6","136","169","6"
"2023/2024","North West","Kano","Dala","Bakin Ruwa","Community Secondary School, Bakin Ruwa","Male","all","WAEC","College of Education","529","521","320","99","87","12","1.6","8","201","222","12"
"2023/2024","North West","Kano","Dala","Bakin Ruwa","Community Secondary School, Bakin Ruwa","Male","disabled","NABTEB","College of Education","19","19","9","0","0","0","1.6","0","10","9","0"
"2023/2024","North West","Kano","Dala","Bakin Ruwa","Community Secondary School, Bakin Ruwa","Male","disabled","NECO","College of Education","40","39","26","6","7","0","1.6","1","13","20","0"
"2023/2024","North West","Kano","Dala","Bakin Ruwa","Community Secondary School, Bakin Ruwa","Male","disabled","WAEC","College of Education","50","49","29","6","6","0","1.6","1","20","24","0"
"2023/2024","North West","Kano","Dala","Bakin Ruwa","Comprehensive High School, Bakin Ruwa","Female","all","NABTEB","College of Education","106","104","70","29","29","0","1.6","2","34","40","0"
"2023/2024","North West","Kano","Dala","Bakin Ruwa","Comprehensive High School, Bakin Ruwa","Female","all","NECO","College of Education","216","213","144","51","45","6","1.6","3","69","93","6"
"2023/2024","North West","Kano","Dala","Bakin Ruwa","Comprehensive High School, Bakin Ruwa","Female","all","WAEC","College of Education","266","262","180","64","56","8","1.6","4","82","117","8"
"2023/2024","North West","Kano","Dala","Bakin Ruwa","Comprehensive High School, Bakin Ruwa","Female","disabled","NABTEB","College of Education","15","15","8","7","7","0","1.6","0","7","2","0"
"2023/2024","North West","Kano","Dala","Bakin Ruwa","Comprehensive High School, Bakin Ruwa","Female","disabled","NECO","College of Education","31","31","18","6","7","0","1.6","0","13","12","0"
"2023/2024","North West","Kano","Dala","Bakin Ruwa","Comprehensive High School, Bakin Ruwa","Female","disabled","WAEC","College of Education","32","32","21","6","6","0","1.6","0","11","16","0"
"2023/2024","North West","Kano","Dala","Bakin Ruwa","Comprehensive High School, Bakin Ruwa","Male","all","NABTEB","College of Education","122","120","75","30","23","7","1.6","2","45","46","7"
"2023/2024","North West","Kano","Dala","Bakin Ruwa","Comprehensive High School, Bakin Ruwa","Male","all","NECO","College of Education","266","262","166","58","52","6","1.6","4","96","109","6"
"2023/2024","North West","Kano","Dala","Bakin Ruwa","Comprehensive High School, Bakin Ruwa","Male","all","WAEC","College of Education","314","309","203","75","68","7","1.6","5","106","128","7"
"2023/2024","North West","Kano","Dala","Bakin Ruwa","Comprehensive High School, Bakin Ruwa","Male","disabled","NABTEB","College of Education","15","15","8","7","7","0","1.6","0","7","2","0"
"2023/2024","North West","Kano","Dala","Bakin Ruwa","Comprehensive High School, Bakin Ruwa","Male","disabled","NECO","College of Education","32","32","18","6","7","0","1.6","0","14","13","0"
"2023/2024","North West","Kano","Dala","Bakin Ruwa","Comprehensive High School, Bakin Ruwa","Male","disabled","WAEC","College of Education","42","41","25","6","6","0","1.6","1","16","20","0"
"2023/2024","North West","Kano","Dala","Bakin Ruwa","Government Secondary School, Bakin Ruwa","Female","all","NABTEB","College of Education","130","128","84","37","30","7","1.6","2","44","48","7"
"2023/2024","North West","Kano","Dala","Bakin Ruwa","Government Secondary School, Bakin Ruwa","Female","all","NECO","College of Education","262","258","167","58","52","6","1.6","4","91","109","6"
"2023/2024","North West","Kano","Dala","Bakin Ruwa","Government Secondary School, Bakin Ruwa","Female","all","WAEC","College of Education","343","338","232","99","87","12","1.6","5","106","134","12"
"2023/2024","North West","Kano","Dala","Bakin Ruwa","Government Secondary School, Bakin Ruwa","Female","disabled","NABTEB","College of Education","15","15","8","7","7","0","1.6","0","7","2","0"
"2023/2024","North West","Kano","Dala","Bakin Ruwa","Government Secondary School, Bakin Ruwa","Female","disabled","NECO","College of Education","23","23","14","6","6","0","1.6","0","9","8","0"
"2023/2024","North West","Kano","Dala","Bakin Ruwa","Government Secondary School, Bakin Ruwa","Female","disabled","WAEC","College of Education","28","28","17","6","6","0","1.6","0","11","12","0"
"2023/2024","North West","Kano","Dala","Bakin Ruwa","Government Secondary School, Bakin Ruwa","Male","all","NABTEB","College of Education","161","159","102","37","30","7","1.6","2","57","66","7"
"2023/2024","North West","Kano","Dala","Bakin Ruwa","Government Secondary School, Bakin Ruwa","Male","all","NECO","College of Education","325","320","206","77","65","12","1.6","5","114","129","12"
"2023/2024","North West","Kano","Dala","Bakin Ruwa","Government Secondary School, Bakin Ruwa","Male","all","WAEC","College of Education","385","379","254","87","80","7","1.6","6","125","168","7"
"2023/2024","North West","Kano","Dala","Bakin Ruwa","Government Secondary School, Bakin Ruwa","Male","disabled","NABTEB","College of Education","15","15","8","7","7","0","1.6","0","7","2","0"
"2023/2024","North West","Kano","Dala","Bakin Ruwa","Government Secondary School, Bakin Ruwa","Male","disabled","NECO","College of Education","31","31","18","6","7","0","1.6","0","13","12","0"
"2023/2024","North West","Kano","Dala","Bakin Ruwa","Government Secondary School, Bakin Ruwa","Male","disabled","WAEC","College of Education","37","36","25","6","6","0","1.6","1","11","19","0"
"2023/2024","North West","Kano","Dala","Bakin Ruwa","Unity College, Dala","Female","all","NABTEB","University","82","81","53","30","30","0","1.4","1","28","24","0"
"2023/2024","North West","Kano","Dala","Bakin Ruwa","Unity College, Dala","Female","all","NECO","University","129","127","82","32","26","6","1.3","2","45","50","6"
"2023/2024","North West","Kano","Dala","Bakin Ruwa","Unity College, Dala","Female","all","WAEC","University","216","213","144","58","56","2","1.3","3","69","86","2"
"2023/2024","North West","Kano","Dala","Bakin Ruwa","Unity College, Dala","Female","disabled","NABTEB","University","15","15","8","7","7","0","1.4","0","7","2","0"
"2023/2024","North West","Kano","Dala","Bakin Ruwa","Unity College, Dala","Female","disabled","NECO","University","15","15","11","6","7","0","1.3","0","4","6","0"
"2023/2024","North West","Kano","Dala","Bakin Ruwa","Unity College, Dala","Female","disabled","WAEC","University","28","28","17","6","6","0","1.3","0","11","12","0"
"2023/2024","North West","Kano","Dala","Bakin Ruwa","Unity College, Dala","Male","all","NABTEB","University","74","73","48","22","23","0","1.4","1","25","27","0"
"2023/2024","North West","Kano","Dala","Bakin Ruwa","Unity College, Dala","Male","all","NECO","University","137","135","89","32","26","6","1.3","2","46","57","6"
"2023/2024","North West","Kano","Dala","Bakin Ruwa","Unity College, Dala","Male","all","WAEC","University","208","205","133","46","43","3","1.3","3","72","87","3"
"2023/2024","North West","Kano","Dala","Bakin Ruwa","Unity College, Dala","Male","disabled","NABTEB","University","15","15","8","7","7","0","1.4","0","7","2","0"
"2023/2024","North West","Kano","Dala","Bakin Ruwa","Unity College, Dala","Male","disabled","NECO","University","15","15","8","6","7","0","1.3","0","8","2","0"
"2023/2024","North West","Kano","Dala","Bakin Ruwa","Unity College, Dala","Male","disabled","WAEC","University","28","28","17","6","6","0","1.3","0","11","12","0"
"2023/2024","North West","Kano","Dala","Dala","Community Secondary School, Dala","Female","all","NABTEB","Polytechnic","142","140","88","22","23","0","1.5","2","52","67","0"
"2023/2024","North West","Kano","Dala","Dala","Community Secondary School, Dala","Female","all","NECO","Polytechnic","274","270","166","51","45","6","1.4","4","104","116","6"
"2023/2024","North West","Kano","Dala","Dala","Community Secondary School, Dala","Female","all","WAEC","Polytechnic","351","346","217","64","56","8","1.4","5","129","154","8"
"2023/2024","North West","Kano","Dala","Dala","Community Secondary School, Dala","Female","disabled","NABTEB","Polytechnic","15","15","8","0","0","0","1.5","0","7","8","0"
"2023/2024","North West","Kano","Dala","Dala","Community Secondary School, Dala","Female","disabled","NECO","Polytechnic","27","27","15","7","7","0","1.4","0","12","8","0"
"2023/2024","North West","Kano","Dala","Dala","Community Secondary School, Dala","Female","disabled","WAEC","Polytechnic","32","32","17","6","6","0","1.4","0","15","12","0"
"2023/2024","North West","Kano","Dala","Dala","Community Secondary School, Dala","Male","all","NABTEB","Polytechnic","142","140","88","15","15","0","1.5","2","52","73","0"
"2023/2024","North West","Kano","Dala","Dala","Community Secondary School, Dala","Male","all","NECO","Polytechnic","307","302","189","45","39","6","1.4","5","113","144","6"
"2023/2024","North West","Kano","Dala","Dala","Community Secondary School, Dala","Male","all","WAEC","Polytechnic","348","343","203","64","56","8","1.4","5","140","139","8"
"2023/2024","North West","Kano","Dala","Dala","Community Secondary School, Dala","Male","disabled","NABTEB","Polytechnic","15","15","8","0","0","0","1.5","0","7","8","0"
"2023/2024","North West","Kano","Dala","Dala","Community Secondary School, Dala","Male","disabled","NECO","Polytechnic","32","32","18","0","0","0","1.4","0","14","18","0"
"2023/2024","North West","Kano","Dala","Dala","Community Secondary School, Dala","Male","disabled","WAEC","Polytechnic","37","36","21","6","6","0","1.4","1","15","15","0"
"2023/2024","North West","Kano","Dala","Dala","Comprehensive High School, Dala","Female","all","NABTEB","College of Education","102","100","62","15","15","0","1.6","2","38","47","0"
"2023/2024","North West","Kano","Dala","Dala","Comprehensive High School, Dala","Female","all","NECO","College of Education","161","159","92","26","19","7","1.6","2","67","67","7"
"2023/2024","North West","Kano","Dala","Dala","Comprehensive High School, Dala","Female","all","WAEC","College of Education","212","209","129","41","37","4","1.6","3","80","88","4"
"2023/2024","North West","Kano","Dala","Dala","Comprehensive High School, Dala","Female","disabled","NABTEB","College of Education","15","15","8","0","0","0","1.6","0","7","8","0"
"2023/2024","North West","Kano","Dala","Dala","Comprehensive High School, Dala","Female","disabled","NECO","College of Education","15","15","8","0","0","0","1.6","0","8","8","0"
"2023/2024","North West","Kano","Dala","Dala","Comprehensive High School, Dala","Female","disabled","WAEC","College of Education","19","19","10","5","5","0","1.6","0","9","5","0"
"2023/2024","North West","Kano","Dala","Dala","Comprehensive High School, Dala","Male","all","NABTEB","College of Education","122","120","70","15","15","0","1.6","2","50","56","0"
"2023/2024","North West","Kano","Dala","Dala","Comprehensive High School, Dala","Male","all","NECO","College of Education","195","192","119","38","32","6","1.6","3","73","82","6"
"2023/2024","North West","Kano","Dala","Dala","Comprehensive High School, Dala","Male","all","WAEC","College of Education","270","266","158","41","37","4","1.6","4","108","118","4"
"2023/2024","North West","Kano","Dala","Dala","Comprehensive High School, Dala","Male","disabled","NABTEB","College of Education","15","15","8","0","0","0","1.6","0","7","8","0"
"2023/2024","North West","Kano","Dala","Dala","Comprehensive High School, Dala","Male","disabled","NECO","College of Education","19","19","11","7","7","0","1.6","0","8","5","0"
"2023/2024","North West","Kano","Dala","Dala","Comprehensive High School, Dala","Male","disabled","WAEC","College of Education","24","24","14","0","0","0","1.6","0","10","14","0"
"2023/2024","North West","Kano","Dala","Dala","Government Secondary School, Dala","Female","all","NABTEB","University","130","128","84","30","30","0","1.4","2","44","55","0"
"2023/2024","North West","Kano","Dala","Dala","Government Secondary School, Dala","Female","all","NECO","University","262","258","167","64","52","12","1.3","4","91","103","12"
"2023/2024","North West","Kano","Dala","Dala","Government Secondary School, Dala","Female","all","WAEC","University","348","343","225","81","74","7","1.3","5","118","144","7"
"2023/2024","North West","Kano","Dala","Dala","Government Secondary School, Dala","Female","disabled","NABTEB","University","15","15","8","8","7","1","1.4","0","7","1","1"
"2023/2024","North West","Kano","Dala","Dala","Government Secondary School, Dala","Female","disabled","NECO","University","31","31","18","7","7","0","1.3","0","13","11","0"
"2023/2024","North West","Kano","Dala","Dala","Government Secondary School, Dala","Female","disabled","WAEC","University","42","41","21","6","6","0","1.3","1","20","16","0"
"2023/2024","North West","Kano","Dala","Dala","Government Secondary School, Dala","Male","all","NABTEB","University","165","163","106","22","23","0","1.4","2","57","84","0"
"2023/2024","North West","Kano","Dala","Dala","Government Secondary School, Dala","Male","all","NECO","University","311","306","189","64","52","12","1.3","5","117","125","12"
"2023/2024","North West","Kano","Dala","Dala","Government Secondary School, Dala","Male","all","WAEC","University","454","447","281","81","74","7","1.3","7","166","200","7"
"2023/2024","North West","Kano","Dala","Dala","Government Secondary School, Dala","Male","disabled","NABTEB","University","15","15","8","0","0","0","1.4","0","7","8","0"
"2023/2024","North West","Kano","Dala","Dala","Government Secondary School, Dala","Male","disabled","NECO","University","37","36","22","7","7","0","1.3","1","14","16","0"
"2023/2024","North West","Kano","Dala","Dala","Government Secondary School, Dala","Male","disabled","WAEC","University","54","53","32","12","12","0","1.3","1","21","21","0"
"2023/2024","North West","Kano","Dala","Dala","Unity College, Dala","Female","all","NABTEB","University","114","112","75","30","30","0","1.4","2","37","46","0"
"2023/2024","North West","Kano","Dala","Dala","Unity College, Dala","Female","all","NECO","University","266","262","166","64","58","6","1.3","4","96","103","6"
"2023/2024","North West","Kano","Dala","Dala","Unity College, Dala","Female","all","WAEC","University","347","342","232","99","93","6","1.3","5","110","134","6"
"2023/2024","North West","Kano","Dala","Dala","Unity College, Dala","Female","disabled","NABTEB","University","15","15","8","8","7","1","1.4","0","7","1","1"
"2023/2024","North West","Kano","Dala","Dala","Unity College, Dala","Female","disabled","NECO","University","32","32","18","7","7","0","1.3","0","14","12","0"
"2023/2024","North West","Kano","Dala","Dala","Unity College, Dala","Female","disabled","WAEC","University","46","45","29","12","12","0","1.3","1","16","18","0"
"2023/2024","North West","Kano","Dala","Dala","Unity College, Dala","Male","all","NABTEB","University","145","143","102","30","23","7","1.4","2","41","72","7"
"2023/2024","North West","Kano","Dala","Dala","Unity College, Dala","Male","all","NECO","University","337","332","217","77","65","12","1.3","5","115","140","12"
"2023/2024","North West","Kano","Dala","Dala","Unity College, Dala","Male","all","WAEC","University","411","405","266","99","87","12","1.3","6","139","167","12"
"2023/2024","North West","Kano","Dala","Dala","Unity College, Dala","Male","disabled","NABTEB","University","19","19","13","8","7","1","1.4","0","6","5","1"
"2023/2024","North West","Kano","Dala","Dala","Unity College, Dala","Male","disabled","NECO","University","41","40","22","7","7","0","1.3","1","18","16","0"
"2023/2024","North West","Kano","Dala","Dala","Unity College, Dala","Male","disabled","WAEC","University","55","54","33","11","12","0","1.3","1","21","22","0"
"2023/2024","North West","Kano","Fagge","Fagge A","Community Secondary School, Fagge A","Female","all","NABTEB","College of Education","157","155","93","30","30","0","1.6","2","62","63","0"
"2023/2024","North West","Kano","Fagge","Fagge A","Community Secondary School, Fagge A","Female","all","NECO","College of Education","242","238","148","38","32","6","1.6","4","90","110","6"
"2023/2024","North West","Kano","Fagge","Fagge A","Community Secondary School, Fagge A","Female","all","WAEC","College of Education","385","379","224","64","56","8","1.6","6","155","161","8"
"2023/2024","North West","Kano","Fagge","Fagge A","Community Secondary School, Fagge A","Female","disabled","NABTEB","College of Education","19","19","13","7","7","0","1.6","0","6","6","0"
"2023/2024","North West","Kano","Fagge","Fagge A","Community Secondary School, Fagge A","Female","disabled","NECO","College of Education","27","27","15","0","0","0","1.6","0","12","15","0"
"2023/2024","North West","Kano","Fagge","Fagge A","Community Secondary School, Fagge A","Female","disabled","WAEC","College of Education","42","41","25","6","6","0","1.6","1","16","20","0"
"2023/2024","North West","Kano","Fagge","Fagge A","Community Secondary School, Fagge A","Male","all","NABTEB","College of Education","145","143","84","15","15","0","1.6","2","59","69","0"
"2023/2024","North West","Kano","Fagge","Fagge A","Community Secondary School, Fagge A","Male","all","NECO","College of Education","254","250","148","32","26","6","1.6","4","102","116","6"
"2023/2024","North West","Kano","Fagge","Fagge A","Community Secondary School, Fagge A","Male","all","WAEC","College of Education","351","346","213","58","50","8","1.6","5","133","156","8"
"2023/2024","North West","Kano","Fagge","Fagge A","Community Secondary School, Fagge A","Male","disabled","NABTEB","College of Education","19","19","9","0","0","0","1.6","0","10","9","0"
"2023/2024","North West","Kano","Fagge","Fagge A","Community Secondary School, Fagge A","Male","disabled","NECO","College of Education","31","31","18","0","0","0","1.6","0","13","18","0"
"2023/2024","North West","Kano","Fagge","Fagge A","Community Secondary School, Fagge A","Male","disabled","WAEC","College of Education","50","49","29","6","6","0","1.6","1","20","24","0"
"2023/2024","North West","Kano","Fagge","Fagge A","Comprehensive High School, Fagge A","Female","all","NABTEB","Polytechnic","78","77","48","22","23","0","1.5","1","29","27","0"
"2023/2024","North West","Kano","Fagge","Fagge A","Comprehensive High School, Fagge A","Female","all","NECO","Polytechnic","137","135","93","38","32","6","1.4","2","42","55","6"
"2023/2024","North West","Kano","Fagge","Fagge A","Comprehensive High School, Fagge A","Female","all","WAEC","Polytechnic","160","158","106","46","43","3","1.4","2","52","61","3"
"2023/2024","North West","Kano","Fagge","Fagge A","Comprehensive High School, Fagge A","Female","disabled","NABTEB","Polytechnic","15","15","8","8","7","1","1.5","0","7","1","1"
"2023/2024","North West","Kano","Fagge","Fagge A","Comprehensive High School, Fagge A","Female","disabled","NECO","Polytechnic","15","15","11","7","7","0","1.4","0","4","5","0"
"2023/2024","North West","Kano","Fagge","Fagge A","Comprehensive High School, Fagge A","Female","disabled","WAEC","Polytechnic","15","15","10","5","5","0","1.4","0","5","4","0"
"2023/2024","North West","Kano","Fagge","Fagge A","Comprehensive High School, Fagge A","Male","all","NABTEB","Polytechnic","90","89","57","22","23","0","1.5","1","32","36","0"
"2023/2024","North West","Kano","Fagge","Fagge A","Comprehensive High School, Fagge A","Male","all","NECO","Polytechnic","153","151","104","38","32","6","1.4","2","47","67","6"
"2023/2024","North West","Kano","Fagge","Fagge A","Comprehensive High School, Fagge A","Male","all","WAEC","Polytechnic","186","183","117","52","50","2","1.4","3","66","66","2"
"2023/2024","North West","Kano","Fagge","Fagge A","Comprehensive High School, Fagge A","Male","disabled","NABTEB","Polytechnic","15","15","8","7","7","0","1.5","0","7","2","0"
"2023/2024","North West","Kano","Fagge","Fagge A","Comprehensive High School, Fagge A","Male","disabled","NECO","Polytechnic","15","15","11","6","7","0","1.4","0","4","6","0"
"2023/2024","North West","Kano","Fagge","Fagge A","Comprehensive High School, Fagge A","Male","disabled","WAEC","Polytechnic","15","15","10","5","5","0","1.4","0","5","4","0"
"2023/2024","North West","Kano","Fagge","Fagge A","Government Secondary School, Fagge A","Female","all","NABTEB","University","182","179","115","45","38","7","1.4","3","64","71","7"
"2023/2024","North West","Kano","Fagge","Fagge A","Government Secondary School, Fagge A","Female","all","NECO","University","383","377","256","109","91","18","1.3","6","121","147","18"
"2023/2024","North West","Kano","Fagge","Fagge A","Government Secondary School, Fagge A","Female","all","WAEC","University","547","539","343","128","118","10","1.3","8","196","215","10"
"2023/2024","North West","Kano","Fagge","Fagge A","Government Secondary School, Fagge A","Female","disabled","NABTEB","University","19","19","13","8","7","1","1.4","0","6","5","1"
"2023/2024","North West","Kano","Fagge","Fagge A","Government Secondary School, Fagge A","Female","disabled","NECO","University","49","48","30","13","13","0","1.3","1","18","18","0"
"2023/2024","North West","Kano","Fagge","Fagge A","Government Secondary School, Fagge A","Female","disabled","WAEC","University","58","57","32","12","12","0","1.3","1","25","20","0"
"2023/2024","North West","Kano","Fagge","Fagge A","Government Secondary School, Fagge A","Male","all","NABTEB","University","190","187","124","45","38","7","1.4","3","63","80","7"
"2023/2024","North West","Kano","Fagge","Fagge A","Government Secondary School, Fagge A","Male","all","NECO","University","399","393","244","77","65","12","1.3","6","149","168","12"
"2023/2024","North West","Kano","Fagge","Fagge A","Government Secondary School, Fagge A","Male","all","WAEC","University","521","513","313","110","99","11","1.3","8","200","204","11"
"2023/2024","North West","Kano","Fagge","Fagge A","Government Secondary School, Fagge A","Male","disabled","NABTEB","University","23","23","13","8","8","0","1.4","0","10","5","0"
"2023/2024","North West","Kano","Fagge","Fagge A","Government Secondary School, Fagge A","Male","disabled","NECO","University","45","44","26","6","7","0","1.3","1","18","21","0"
"2023/2024","North West","Kano","Fagge","Fagge A","Government Secondary School, Fagge A","Male","disabled","WAEC","University","59","58","32","12","12","0","1.3","1","26","21","0"
"2023/2024","North West","Kano","Fagge","Fagge A","Unity College, Fagge","Female","all","NABTEB","University","134","132","84","30","30","0","1.4","2","48","55","0"
"2023/2024","North West","Kano","Fagge","Fagge A","Unity College, Fagge","Female","all","NECO","University","258","254","167","58","52","6","1.3","4","87","109","6"
"2023/2024","North West","Kano","Fagge","Fagge A","Unity College, Fagge","Female","all","WAEC","University","352","347","222","75","68","7","1.3","5","125","147","7"
"2023/2024","North West","Kano","Fagge","Fagge A","Unity College, Fagge","Female","disabled","NABTEB","University","19","19","13","7","8","0","1.4","0","6","6","0"
"2023/2024","North West","Kano","Fagge","Fagge A","Unity College, Fagge","Female","disabled","NECO","University","36","35","22","6","7","0","1.3","1","13","16","0"
"2023/2024","North West","Kano","Fagge","Fagge A","Unity College, Fagge","Female","disabled","WAEC","University","50","49","32","11","12","0","1.3","1","17","22","0"
"2023/2024","North West","Kano","Fagge","Fagge A","Unity College, Fagge","Male","all","NABTEB","University","138","136","88","30","30","0","1.4","2","48","59","0"
"2023/2024","North West","Kano","Fagge","Fagge A","Unity College, Fagge","Male","all","NECO","University","224","221","139","51","45","6","1.3","3","82","89","6"
"2023/2024","North West","Kano","Fagge","Fagge A","Unity College, Fagge","Male","all","WAEC","University","335","330","210","58","50","8","1.3","5","120","152","8"
"2023/2024","North West","Kano","Fagge","Fagge A","Unity College, Fagge","Male","disabled","NABTEB","University","19","19","13","7","8","0","1.4","0","6","6","0"
"2023/2024","North West","Kano","Fagge","Fagge A","Unity College, Fagge","Male","disabled","NECO","University","31","31","18","6","7","0","1.3","0","13","12","0"
"2023/2024","North West","Kano","Fagge","Fagge A","Unity College, Fagge","Male","disabled","WAEC","University","46","45","29","6","6","0","1.3","1","16","23","0"
"2023/2024","North West","Kano","Fagge","Fagge B","Community Secondary School, Fagge B","Female","all","NABTEB","Polytechnic","146","144","84","30","23","7","1.5","2","60","55","7"
"2023/2024","North West","Kano","Fagge","Fagge B","Community Secondary School, Fagge B","Female","all","NECO","Polytechnic","220","217","136","45","39","6","1.4","3","81","91","6"
"2023/2024","North West","Kano","Fagge","Fagge B","Community Secondary School, Fagge B","Female","all","WAEC","Polytechnic","314","309","181","64","56","8","1.4","5","128","117","8"
"2023/2024","North West","Kano","Fagge","Fagge B","Community Secondary School, Fagge B","Female","disabled","NABTEB","Polytechnic","15","15","8","8","8","0","1.5","0","7","1","0"
"2023/2024","North West","Kano","Fagge","Fagge B","Community Secondary School, Fagge B","Female","disabled","NECO","Polytechnic","27","27","15","7","7","0","1.4","0","12","8","0"
"2023/2024","North West","Kano","Fagge","Fagge B","Community Secondary School, Fagge B","Female","disabled","WAEC","Polytechnic","42","41","21","6","6","0","1.4","1","20","16","0"
"2023/2024","North West","Kano","Fagge","Fagge B","Community Secondary School, Fagge B","Male","all","NABTEB","Polytechnic","170","167","106","22","15","7","1.5","3","61","84","7"
"2023/2024","North West","Kano","Fagge","Fagge B","Community Secondary School, Fagge B","Male","all","NECO","Polytechnic","266","262","150","51","45","6","1.4","4","112","100","6"
"2023/2024","North West","Kano","Fagge","Fagge B","Community Secondary School, Fagge B","Male","all","WAEC","Polytechnic","360","355","225","64","56","8","1.4","5","130","161","8"
"2023/2024","North West","Kano","Fagge","Fagge B","Community Secondary School, Fagge B","Male","disabled","NABTEB","Polytechnic","19","19","13","0","0","0","1.5","0","6","13","0"
"2023/2024","North West","Kano","Fagge","Fagge B","Community Secondary School, Fagge B","Male","disabled","NECO","Polytechnic","27","27","15","7","7","0","1.4","0","12","8","0"
"2023/2024","North West","Kano","Fagge","Fagge B","Community Secondary School, Fagge B","Male","disabled","WAEC","Polytechnic","41","40","25","6","6","0","1.4","1","15","19","0"
"2023/2024","North West","Kano","Fagge","Fagge B","Comprehensive High School, Fagge B","Female","all","NABTEB","College of Education","86","85","53","22","23","0","1.6","1","32","32","0"
"2023/2024","North West","Kano","Fagge","Fagge B","Comprehensive High School, Fagge B","Female","all","NECO","College of Education","137","135","93","38","32","6","1.6","2","42","55","6"
"2023/2024","North West","Kano","Fagge","Fagge B","Comprehensive High School, Fagge B","Female","all","WAEC","College of Education","191","188","122","52","50","2","1.6","3","66","70","2"
"2023/2024","North West","Kano","Fagge","Fagge B","Comprehensive High School, Fagge B","Female","disabled","NABTEB","College of Education","15","15","8","8","8","0","1.6","0","7","1","0"
"2023/2024","North West","Kano","Fagge","Fagge B","Comprehensive High School, Fagge B","Female","disabled","NECO","College of Education","15","15","11","7","7","0","1.6","0","4","5","0"
"2023/2024","North West","Kano","Fagge","Fagge B","Comprehensive High School, Fagge B","Female","disabled","WAEC","College of Education","19","19","14","5","5","0","1.6","0","5","8","0"
"2023/2024","North West","Kano","Fagge","Fagge B","Comprehensive High School, Fagge B","Male","all","NABTEB","College of Education","106","104","71","29","23","7","1.6","2","33","41","7"
"2023/2024","North West","Kano","Fagge","Fagge B","Comprehensive High School, Fagge B","Male","all","NECO","College of Education","170","167","104","38","32","6","1.6","3","63","67","6"
"2023/2024","North West","Kano","Fagge","Fagge B","Comprehensive High School, Fagge B","Male","all","WAEC","College of Education","220","217","140","46","43","3","1.6","3","77","94","3"
"2023/2024","North West","Kano","Fagge","Fagge B","Comprehensive High School, Fagge B","Male","disabled","NABTEB","College of Education","15","15","8","7","7","0","1.6","0","7","2","0"
"2023/2024","North West","Kano","Fagge","Fagge B","Comprehensive High School, Fagge B","Male","disabled","NECO","College of Education","19","19","11","7","7","0","1.6","0","8","5","0"
"2023/2024","North West","Kano","Fagge","Fagge B","Comprehensive High School, Fagge B","Male","disabled","WAEC","College of Education","24","24","14","6","6","0","1.6","0","10","9","0"
"2023/2024","North West","Kano","Fagge","Fagge B","Government Secondary School, Fagge B","Female","all","NABTEB","Polytechnic","126","124","75","22","23","0","1.5","2","49","54","0"
"2023/2024","North West","Kano","Fagge","Fagge B","Government Secondary School, Fagge B","Female","all","NECO","Polytechnic","204","201","120","45","39","6","1.4","3","81","75","6"
"2023/2024","North West","Kano","Fagge","Fagge B","Government Secondary School, Fagge B","Female","all","WAEC","Polytechnic","263","259","159","52","50","2","1.4","4","100","107","2"
"2023/2024","North West","Kano","Fagge","Fagge B","Government Secondary School, Fagge B","Female","disabled","NABTEB","Polytechnic","15","15","8","8","7","1","1.5","0","7","1","1"
"2023/2024","North West","Kano","Fagge","Fagge B","Government Secondary School, Fagge B","Female","disabled","NECO","Polytechnic","19","19","11","6","6","0","1.4","0","8","5","0"
"2023/2024","North West","Kano","Fagge","Fagge B","Government Secondary School, Fagge B","Female","disabled","WAEC","Polytechnic","23","23","14","6","6","0","1.4","0","9","8","0"
"2023/2024","North West","Kano","Fagge","Fagge B","Government Secondary School, Fagge B","Male","all","NABTEB","Polytechnic","110","108","66","15","15","0","1.5","2","42","51","0"
"2023/2024","North West","Kano","Fagge","Fagge B","Government Secondary School, Fagge B","Male","all","NECO","Polytechnic","175","172","97","26","19","7","1.4","3","75","71","7"
"2023/2024","North West","Kano","Fagge","Fagge B","Government Secondary School, Fagge B","Male","all","WAEC","Polytechnic","246","242","140","35","31","4","1.4","4","102","105","4"
"2023/2024","North West","Kano","Fagge","Fagge B","Government Secondary School, Fagge B","Male","disabled","NABTEB","Polytechnic","15","15","8","0","0","0","1.5","0","7","8","0"
"2023/2024","North West","Kano","Fagge","Fagge B","Government Secondary School, Fagge B","Male","disabled","NECO","Polytechnic","15","15","8","0","0","0","1.4","0","8","8","0"
"2023/2024","North West","Kano","Fagge","Fagge B","Government Secondary School, Fagge B","Male","disabled","WAEC","Polytechnic","23","23","14","0","0","0","1.4","0","9","14","0"
"2023/2024","North West","Kano","Fagge","Fagge B","Unity College, Fagge","Female","all","NABTEB","University","118","116","75","30","23","7","1.4","2","41","46","7"
"2023/2024","North West","Kano","Fagge","Fagge B","Unity College, Fagge","Female","all","NECO","University","238","234","148","58","52","6","1.3","4","86","90","6"
"2023/2024","North West","Kano","Fagge","Fagge B","Unity College, Fagge","Female","all","WAEC","University","335","330","221","81","74","7","1.3","5","109","140","7"
"2023/2024","North West","Kano","Fagge","Fagge B","Unity College, Fagge","Female","disabled","NABTEB","University","15","15","8","7","8","0","1.4","0","7","2","0"
"2023/2024","North West","Kano","Fagge","Fagge B","Unity College, Fagge","Female","disabled","NECO","University","23","23","15","6","6","0","1.3","0","8","8","0"
"2023/2024","North West","Kano","Fagge","Fagge B","Unity College, Fagge","Female","disabled","WAEC","University","32","32","21","6","6","0","1.3","0","11","16","0"
"2023/2024","North West","Kano","Fagge","Fagge B","Unity College, Fagge","Male","all","NABTEB","University","114","112","75","30","23","7","1.4","2","37","46","7"
"2023/2024","North West","Kano","Fagge","Fagge B","Unity College, Fagge","Male","all","NECO","University","204","201","128","45","39","6","1.3","3","73","83","6"
"2023/2024","North West","Kano","Fagge","Fagge B","Unity College, Fagge","Male","all","WAEC","University","310","305","192","64","56","8","1.3","5","113","128","8"
"2023/2024","North West","Kano","Fagge","Fagge B","Unity College, Fagge","Male","disabled","NABTEB","University","15","15","8","8","8","0","1.4","0","7","1","0"
"2023/2024","North West","Kano","Fagge","Fagge B","Unity College, Fagge","Male","disabled","NECO","University","19","19","11","6","6","0","1.3","0","8","5","0"
"2023/2024","North West","Kano","Fagge","Fagge B","Unity College, Fagge","Male","disabled","WAEC","University","28","28","17","6","6","0","1.3","0","11","12","0"
"2023/2024","North West","Kano","Fagge","Fagge C","Community Secondary School, Fagge C","Female","all","NABTEB","University","190","187","129","52","45","7","1.4","3","58","78","7"
"2023/2024","North West","Kano","Fagge","Fagge C","Community Secondary School, Fagge C","Female","all","NECO","University","324","319","220","83","71","12","1.3","5","99","138","12"
"2023/2024","North West","Kano","Fagge","Fagge C","Community Secondary School, Fagge C","Female","all","WAEC","University","427","421","283","122","105","17","1.3","6","138","162","17"
"2023/2024","North West","Kano","Fagge","Fagge C","Community Secondary School, Fagge C","Female","disabled","NABTEB","University","19","19","13","8","7","1","1.4","0","6","5","1"
"2023/2024","North West","Kano","Fagge","Fagge C","Community Secondary School, Fagge C","Female","disabled","NECO","University","37","36","22","7","7","0","1.3","1","14","16","0"
"2023/2024","North West","Kano","Fagge","Fagge C","Community Secondary School, Fagge C","Female","disabled","WAEC","University","42","41","25","6","6","0","1.3","1","16","20","0"
"2023/2024","North West","Kano","Fagge","Fagge C","Community Secondary School, Fagge C","Male","all","NABTEB","University","182","179","120","45","38","7","1.4","3","59","76","7"
"2023/2024","North West","Kano","Fagge","Fagge C","Community Secondary School, Fagge C","Male","all","NECO","University","379","373","233","77","65","12","1.3","6","140","156","12"
"2023/2024","North West","Kano","Fagge","Fagge C","Community Secondary School, Fagge C","Male","all","WAEC","University","444","437","302","109","99","11","1.3","7","135","192","11"
"2023/2024","North West","Kano","Fagge","Fagge C","Community Secondary School, Fagge C","Male","disabled","NABTEB","University","19","19","13","8","7","1","1.4","0","6","5","1"
"2023/2024","North West","Kano","Fagge","Fagge C","Community Secondary School, Fagge C","Male","disabled","NECO","University","41","40","26","7","7","0","1.3","1","14","20","0"
"2023/2024","North West","Kano","Fagge","Fagge C","Community Secondary School, Fagge C","Male","disabled","WAEC","University","42","41","25","6","6","0","1.3","1","16","20","0"
"2023/2024","North West","Kano","Fagge","Fagge C","Comprehensive High School, Fagge C","Female","all","NABTEB","College of Education","182","179","106","22","23","0","1.6","3","73","85","0"
"2023/2024","North West","Kano","Fagge","Fagge C","Comprehensive High School, Fagge C","Female","all","NECO","College of Education","354","349","217","58","52","6","1.6","5","132","159","6"
"2023/2024","North West","Kano","Fagge","Fagge C","Comprehensive High School, Fagge C","Female","all","WAEC","College of Education","448","441","257","87","74","13","1.6","7","184","170","13"
"2023/2024","North West","Kano","Fagge","Fagge C","Comprehensive High School, Fagge C","Female","disabled","NABTEB","College of Education","19","19","9","0","0","0","1.6","0","10","9","0"
"2023/2024","North West","Kano","Fagge","Fagge C","Comprehensive High School, Fagge C","Female","disabled","NECO","College of Education","37","36","22","7","7","0","1.6","1","14","16","0"
"2023/2024","North West","Kano","Fagge","Fagge C","Comprehensive High School, Fagge C","Female","disabled","WAEC","College of Education","46","45","25","6","6","0","1.6","1","20","20","0"
"2023/2024","North West","Kano","Fagge","Fagge C","Comprehensive High School, Fagge C","Male","all","NABTEB","College of Education","210","207","134","37","30","7","1.6","3","73","97","7"
"2023/2024","North West","Kano","Fagge","Fagge C","Comprehensive High School, Fagge C","Male","all","NECO","College of Education","383","377","229","58","52","6","1.6","6","148","171","6"
"2023/2024","North West","Kano","Fagge","Fagge C","Comprehensive High School, Fagge C","Male","all","WAEC","College of Education","465","458","276","75","68","7","1.6","7","182","201","7"
"2023/2024","North West","Kano","Fagge","Fagge C","Comprehensive High School, Fagge C","Male","disabled","NABTEB","College of Education","23","23","13","7","7","0","1.6","0","10","6","0"
"2023/2024","North West","Kano","Fagge","Fagge C","Comprehensive High School, Fagge C","Male","disabled","NECO","College of Education","41","40","22","7","7","0","1.6","1","18","16","0"
"2023/2024","North West","Kano","Fagge","Fagge C","Comprehensive High School, Fagge C","Male","disabled","WAEC","College of Education","54","53","29","6","6","0","1.6","1","24","24","0"
"2023/2024","North West","Kano","Fagge","Fagge C","Government Secondary School, Fagge C","Female","all","NABTEB","Polytechnic","161","159","102","30","23","7","1.5","2","57","73","7"
"2023/2024","North West","Kano","Fagge","Fagge C","Government Secondary School, Fagge C","Female","all","NECO","Polytechnic","278","274","166","51","45","6","1.4","4","108","116","6"
"2023/2024","North West","Kano","Fagge","Fagge C","Government Secondary School, Fagge C","Female","all","WAEC","Polytechnic","419","413","250","87","80","7","1.4","6","163","164","7"
"2023/2024","North West","Kano","Fagge","Fagge C","Government Secondary School, Fagge C","Female","disabled","NABTEB","Polytechnic","19","19","9","0","0","0","1.5","0","10","9","0"
"2023/2024","North West","Kano","Fagge","Fagge C","Government Secondary School, Fagge C","Female","disabled","NECO","Polytechnic","31","31","18","7","7","0","1.4","0","13","11","0"
"2023/2024","North West","Kano","Fagge","Fagge C","Government Secondary School, Fagge C","Female","disabled","WAEC","Polytechnic","54","53","32","12","12","0","1.4","1","21","21","0"
"2023/2024","North West","Kano","Fagge","Fagge C","Government Secondary School, Fagge C","Male","all","NABTEB","Polytechnic","153","151","93","22","15","7","1.5","2","58","71","7"
"2023/2024","North West","Kano","Fagge","Fagge C","Government Secondary School, Fagge C","Male","all","NECO","Polytechnic","274","270","174","51","45","6","1.4","4","96","124","6"
"2023/2024","North West","Kano","Fagge","Fagge C","Government Secondary School, Fagge C","Male","all","WAEC","Polytechnic","403","397","240","70","62","8","1.4","6","157","170","8"
"2023/2024","North West","Kano","Fagge","Fagge C","Government Secondary School, Fagge C","Male","disabled","NABTEB","Polytechnic","15","15","8","0","0","0","1.5","0","7","8","0"
"2023/2024","North West","Kano","Fagge","Fagge C","Government Secondary School, Fagge C","Male","disabled","NECO","Polytechnic","31","31","18","7","7","0","1.4","0","13","11","0"
"2023/2024","North West","Kano","Fagge","Fagge C","Government Secondary School, Fagge C","Male","disabled","WAEC","Polytechnic","46","45","25","6","6","0","1.4","1","20","20","0"
"2023/2024","North West","Kano","Fagge","Fagge C","Unity College, Fagge","Female","all","NABTEB","University","70","69","44","22","23","0","1.4","1","25","23","0"
"2023/2024","North West","Kano","Fagge","Fagge C","Unity College, Fagge","Female","all","NECO","University","116","114","77","26","19","7","1.3","2","37","52","7"
"2023/2024","North West","Kano","Fagge","Fagge C","Unity College, Fagge","Female","all","WAEC","University","164","162","110","46","43","3","1.3","2","52","65","3"
"2023/2024","North West","Kano","Fagge","Fagge C","Unity College, Fagge","Female","disabled","NABTEB","University","15","15","8","8","7","1","1.4","0","7","1","1"
"2023/2024","North West","Kano","Fagge","Fagge C","Unity College, Fagge","Female","disabled","NECO","University","15","15","11","7","7","0","1.3","0","4","5","0"
"2023/2024","North West","Kano","Fagge","Fagge C","Unity College, Fagge","Female","disabled","WAEC","University","19","19","14","5","5","0","1.3","0","5","8","0"
"2023/2024","North West","Kano","Fagge","Fagge C","Unity College, Fagge","Male","all","NABTEB","University","79","78","54","22","23","0","1.4","1","24","32","0"
"2023/2024","North West","Kano","Fagge","Fagge C","Unity College, Fagge","Male","all","NECO","University","137","135","89","38","32","6","1.3","2","46","51","6"
"2023/2024","North West","Kano","Fagge","Fagge C","Unity College, Fagge","Male","all","WAEC","University","199","196","129","52","50","2","1.3","3","67","77","2"
"2023/2024","North West","Kano","Fagge","Fagge C","Unity College, Fagge","Male","disabled","NABTEB","University","15","15","8","7","7","0","1.4","0","7","2","0"
"2023/2024","North West","Kano","Fagge","Fagge C","Unity College, Fagge","Male","disabled","NECO","University","15","15","8","7","7","0","1.3","0","8","1","0"
"2023/2024","North West","Kano","Fagge","Fagge C","Unity College, Fagge","Male","disabled","WAEC","University","19","19","14","5","5","0","1.3","0","5","8","0"
"2023/2024","North West","Kano","Gwale","Dandago","Community Secondary School, Dandago","Female","all","NABTEB","University","138","136","84","30","23","7","1.4","2","52","55","7"
"2023/2024","North West","Kano","Gwale","Dandago","Community Secondary School, Dandago","Female","all","NECO","University","317","312","202","70","58","12","1.3","5","110","132","12"
"2023/2024","North West","Kano","Gwale","Dandago","Community Secondary School, Dandago","Female","all","WAEC","University","398","392","250","87","74","13","1.3","6","142","164","13"
"2023/2024","North West","Kano","Gwale","Dandago","Community Secondary School, Dandago","Female","disabled","NABTEB","University","15","15","8","8","8","0","1.4","0","7","1","0"
"2023/2024","North West","Kano","Gwale","Dandago","Community Secondary School, Dandago","Female","disabled","NECO","University","32","32","18","7","7","0","1.3","0","14","12","0"
"2023/2024","North West","Kano","Gwale","Dandago","Community Secondary School, Dandago","Female","disabled","WAEC","University","37","36","21","6","6","0","1.3","1","15","15","0"
"2023/2024","North West","Kano","Gwale","Dandago","Community Secondary School, Dandago","Male","all","NABTEB","University","142","140","93","22","15","7","1.4","2","47","71","7"
"2023/2024","North West","Kano","Gwale","Dandago","Community Secondary School, Dandago","Male","all","NECO","University","286","282","178","58","52","6","1.3","4","104","121","6"
"2023/2024","North West","Kano","Gwale","Dandago","Community Secondary School, Dandago","Male","all","WAEC","University","398","392","239","70","62","8","1.3","6","153","170","8"
"2023/2024","North West","Kano","Gwale","Dandago","Community Secondary School, Dandago","Male","disabled","NABTEB","University","15","15","8","0","0","0","1.4","0","7","8","0"
"2023/2024","North West","Kano","Gwale","Dandago","Community Secondary School, Dandago","Male","disabled","NECO","University","27","27","15","7","7","0","1.3","0","12","8","0"
"2023/2024","North West","Kano","Gwale","Dandago","Community Secondary School, Dandago","Male","disabled","WAEC","University","37","36","21","6","6","0","1.3","1","15","15","0"
"2023/2024","North West","Kano","Gwale","Dandago","Comprehensive High School, Dandago","Female","all","NABTEB","College of Education","197","194","129","45","38","7","1.6","3","65","84","7"
"2023/2024","North West","Kano","Gwale","Dandago","Comprehensive High School, Dandago","Female","all","NECO","College of Education","370","365","233","96","78","18","1.6","5","132","137","18"
"2023/2024","North West","Kano","Gwale","Dandago","Comprehensive High School, Dandago","Female","all","WAEC","College of Education","470","463","302","104","99","5","1.6","7","161","199","5"
"2023/2024","North West","Kano","Gwale","Dandago","Comprehensive High School, Dandago","Female","disabled","NABTEB","College of Education","23","23","13","8","8","0","1.6","0","10","5","0"
"2023/2024","North West","Kano","Gwale","Dandago","Comprehensive High School, Dandago","Female","disabled","NECO","College of Education","45","44","26","6","7","0","1.6","1","18","21","0"
"2023/2024","North West","Kano","Gwale","Dandago","Comprehensive High School, Dandago","Female","disabled","WAEC","College of Education","59","58","36","12","12","0","1.6","1","22","25","0"
"2023/2024","North West","Kano","Gwale","Dandago","Comprehensive High School, Dandago","Male","all","NABTEB","College of Education","244","240","150","59","52","7","1.6","4","90","91","7"
"2023/2024","North West","Kano","Gwale","Dandago","Comprehensive High School, Dandago","Male","all","NECO","College of Education","453","446","282","109","91","18","1.6","7","164","174","18"
"2023/2024","North West","Kano","Gwale","Dandago","Comprehensive High School, Dandago","Male","all","WAEC","College of Education","618","609","387","151","136","15","1.6","9","222","237","15"
"2023/2024","North West","Kano","Gwale","Dandago","Comprehensive High School, Dandago","Male","disabled","NABTEB","College of Education","27","27","18","8","8","0","1.6","0","9","10","0"
"2023/2024","North West","Kano","Gwale","Dandago","Comprehensive High School, Dandago","Male","disabled","NECO","College of Education","49","48","26","7","7","0","1.6","1","22","20","0"
"2023/2024","North West","Kano","Gwale","Dandago","Comprehensive High School, Dandago","Male","disabled","WAEC","College of Education","75","74","47","12","12","0","1.6","1","27","36","0"
"2023/2024","North West","Kano","Gwale","Dandago","Government Secondary School, Dandago","Female","all","NABTEB","University","173","170","106","37","30","7","1.4","3","64","69","7"
"2023/2024","North West","Kano","Gwale","Dandago","Government Secondary School, Dandago","Female","all","NECO","University","316","311","209","70","65","5","1.3","5","102","140","5"
"2023/2024","North West","Kano","Gwale","Dandago","Government Secondary School, Dandago","Female","all","WAEC","University","381","375","246","99","93","6","1.3","6","129","148","6"
"2023/2024","North West","Kano","Gwale","Dandago","Government Secondary School, Dandago","Female","disabled","NABTEB","University","19","19","13","8","7","1","1.4","0","6","5","1"
"2023/2024","North West","Kano","Gwale","Dandago","Government Secondary School, Dandago","Female","disabled","NECO","University","36","35","22","7","7","0","1.3","1","13","15","0"
"2023/2024","North West","Kano","Gwale","Dandago","Government Secondary School, Dandago","Female","disabled","WAEC","University","42","41","25","6","6","0","1.3","1","16","20","0"
"2023/2024","North West","Kano","Gwale","Dandago","Government Secondary School, Dandago","Male","all","NABTEB","University","205","202","133","45","38","7","1.4","3","69","88","7"
"2023/2024","North West","Kano","Gwale","Dandago","Government Secondary School, Dandago","Male","all","NECO","University","416","410","272","90","78","12","1.3","6","138","182","12"
"2023/2024","North West","Kano","Gwale","Dandago","Government Secondary School, Dandago","Male","all","WAEC","University","517","509","331","122","105","17","1.3","8","178","210","17"
"2023/2024","North West","Kano","Gwale","Dandago","Government Secondary School, Dandago","Male","disabled","NABTEB","University","23","23","13","8","8","0","1.4","0","10","5","0"
"2023/2024","North West","Kano","Gwale","Dandago","Government Secondary School, Dandago","Male","disabled","NECO","University","41","40","22","7","7","0","1.3","1","18","16","0"
"2023/2024","North West","Kano","Gwale","Dandago","Government Secondary School, Dandago","Male","disabled","WAEC","University","50","49","29","6","6","0","1.3","1","20","24","0"
"2023/2024","North West","Kano","Gwale","Dandago","Unity College, Gwale","Female","all","NABTEB","Polytechnic","122","120","79","22","15","7","1.5","2","41","58","7"
"2023/2024","North West","Kano","Gwale","Dandago","Unity College, Gwale","Female","all","NECO","Polytechnic","238","234","148","45","39","6","1.4","4","86","103","6"
"2023/2024","North West","Kano","Gwale","Dandago","Unity College, Gwale","Female","all","WAEC","Polytechnic","314","309","185","58","56","2","1.4","5","124","127","2"
"2023/2024","North West","Kano","Gwale","Dandago","Unity College, Gwale","Female","disabled","NABTEB","Polytechnic","15","15","8","0","0","0","1.5","0","7","8","0"
"2023/2024","North West","Kano","Gwale","Dandago","Unity College, Gwale","Female","disabled","NECO","Polytechnic","31","31","18","0","0","0","1.4","0","13","18","0"
"2023/2024","North West","Kano","Gwale","Dandago","Unity College, Gwale","Female","disabled","WAEC","Polytechnic","38","37","21","6","6","0","1.4","1","16","16","0"
"2023/2024","North West","Kano","Gwale","Dandago","Unity College, Gwale","Male","all","NABTEB","Polytechnic","138","136","88","30","23","7","1.5","2","48","59","7"
"2023/2024","North West","Kano","Gwale","Dandago","Unity College, Gwale","Male","all","NECO","Polytechnic","308","303","193","51","45","6","1.4","5","110","143","6"
"2023/2024","North West","Kano","Gwale","Dandago","Unity College, Gwale","Male","all","WAEC","Polytechnic","399","393","236","75","68","7","1.4","6","157","161","7"
"2023/2024","North West","Kano","Gwale","Dandago","Unity College, Gwale","Male","disabled","NABTEB","Polytechnic","15","15","8","0","0","0","1.5","0","7","8","0"
"2023/2024","North West","Kano","Gwale","Dandago","Unity College, Gwale","Male","disabled","NECO","Polytechnic","36","35","22","7","7","0","1.4","1","13","15","0"
"2023/2024","North West","Kano","Gwale","Dandago","Unity College, Gwale","Male","disabled","WAEC","Polytechnic","46","45","25","6","6","0","1.4","1","20","20","0"
"2023/2024","North West","Kano","Gwale","Diso","Community Secondary School, Diso","Female","all","NABTEB","University","110","108","71","22","23","0","1.4","2","37","49","0"
"2023/2024","North West","Kano","Gwale","Diso","Community Secondary School, Diso","Female","all","NECO","University","216","213","136","51","45","6","1.3","3","77","85","6"
"2023/2024","North West","Kano","Gwale","Diso","Community Secondary School, Diso","Female","all","WAEC","University","229","226","140","46","43","3","1.3","3","86","94","3"
"2023/2024","North West","Kano","Gwale","Diso","Community Secondary School, Diso","Female","disabled","NABTEB","University","15","15","8","7","8","0","1.4","0","7","2","0"
"2023/2024","North West","Kano","Gwale","Diso","Community Secondary School, Diso","Female","disabled","NECO","University","19","19","11","7","7","0","1.3","0","8","5","0"
"2023/2024","North West","Kano","Gwale","Diso","Community Secondary School, Diso","Female","disabled","WAEC","University","19","19","10","5","5","0","1.3","0","9","5","0"
"2023/2024","North West","Kano","Gwale","Diso","Community Secondary School, Diso","Male","all","NABTEB","University","126","124","79","22","23","0","1.4","2","45","58","0"
"2023/2024","North West","Kano","Gwale","Diso","Community Secondary School, Diso","Male","all","NECO","University","224","221","147","58","52","6","1.3","3","74","90","6"
"2023/2024","North West","Kano","Gwale","Diso","Community Secondary School, Diso","Male","all","WAEC","University","246","242","148","52","50","2","1.3","4","94","96","2"
"2023/2024","North West","Kano","Gwale","Diso","Community Secondary School, Diso","Male","disabled","NABTEB","University","15","15","8","0","0","0","1.4","0","7","8","0"
"2023/2024","North West","Kano","Gwale","Diso","Community Secondary School, Diso","Male","disabled","NECO","University","19","19","11","6","6","0","1.3","0","8","5","0"
"2023/2024","North West","Kano","Gwale","Diso","Community Secondary School, Diso","Male","disabled","WAEC","University","23","23","14","6","6","0","1.3","0","9","8","0"
"2023/2024","North West","Kano","Gwale","Diso","Comprehensive High School, Diso","Female","all","NABTEB","Polytechnic","106","104","70","22","23","0","1.5","2","34","48","0"
"2023/2024","North West","Kano","Gwale","Diso","Comprehensive High School, Diso","Female","all","NECO","Polytechnic","208","205","140","51","45","6","1.4","3","65","89","6"
"2023/2024","North West","Kano","Gwale","Diso","Comprehensive High School, Diso","Female","all","WAEC","Polytechnic","233","230","144","52","50","2","1.4","3","86","92","2"
"2023/2024","North West","Kano","Gwale","Diso","Comprehensive High School, Diso","Female","disabled","NABTEB","Polytechnic","15","15","8","0","0","0","1.5","0","7","8","0"
"2023/2024","North West","Kano","Gwale","Diso","Comprehensive High School, Diso","Female","disabled","NECO","Polytechnic","23","23","15","6","6","0","1.4","0","8","8","0"
"2023/2024","North West","Kano","Gwale","Diso","Comprehensive High School, Diso","Female","disabled","WAEC","Polytechnic","28","28","17","6","6","0","1.4","0","11","12","0"
"2023/2024","North West","Kano","Gwale","Diso","Comprehensive High School, Diso","Male","all","NABTEB","Polytechnic","126","124","79","22","15","7","1.5","2","45","58","7"
"2023/2024","North West","Kano","Gwale","Diso","Comprehensive High School, Diso","Male","all","NECO","Polytechnic","233","230","144","51","45","6","1.4","3","86","93","6"
"2023/2024","North West","Kano","Gwale","Diso","Comprehensive High School, Diso","Male","all","WAEC","Polytechnic","287","283","176","52","50","2","1.4","4","107","125","2"
"2023/2024","North West","Kano","Gwale","Diso","Comprehensive High School, Diso","Male","disabled","NABTEB","Polytechnic","15","15","8","0","0","0","1.5","0","7","8","0"
"2023/2024","North West","Kano","Gwale","Diso","Comprehensive High School, Diso","Male","disabled","NECO","Polytechnic","27","27","18","7","7","0","1.4","0","9","11","0"
"2023/2024","North West","Kano","Gwale","Diso","Comprehensive High School, Diso","Male","disabled","WAEC","Polytechnic","38","37","21","6","6","0","1.4","1","16","16","0"
"2023/2024","North West","Kano","Gwale","Diso","Government Secondary School, Diso","Female","all","NABTEB","University","78","77","44","7","8","0","1.4","1","33","38","0"
"2023/2024","North West","Kano","Gwale","Diso","Government Secondary School, Diso","Female","all","NECO","University","146","144","85","32","26","6","1.3","2","59","53","6"
"2023/2024","North West","Kano","Gwale","Diso","Government Secondary School, Diso","Female","all","WAEC","University","228","225","143","52","50","2","1.3","3","82","92","2"
"2023/2024","North West","Kano","Gwale","Diso","Government Secondary School, Diso","Female","disabled","NABTEB","University","15","15","8","0","0","0","1.4","0","7","8","0"
"2023/2024","North West","Kano","Gwale","Diso","Government Secondary School, Diso","Female","disabled","NECO","University","19","19","11","6","6","0","1.3","0","8","5","0"
"2023/2024","North West","Kano","Gwale","Diso","Government Secondary School, Diso","Female","disabled","WAEC","University","28","28","14","6","6","0","1.3","0","14","9","0"
"2023/2024","North West","Kano","Gwale","Diso","Government Secondary School, Diso","Male","all","NABTEB","University","103","101","62","15","15","0","1.4","2","39","48","0"
"2023/2024","North West","Kano","Gwale","Diso","Government Secondary School, Diso","Male","all","NECO","University","200","197","116","32","26","6","1.3","3","81","84","6"
"2023/2024","North West","Kano","Gwale","Diso","Government Secondary School, Diso","Male","all","WAEC","University","271","267","162","46","43","3","1.3","4","105","116","3"
"2023/2024","North West","Kano","Gwale","Diso","Government Secondary School, Diso","Male","disabled","NABTEB","University","15","15","8","0","0","0","1.4","0","7","8","0"
"2023/2024","North West","Kano","Gwale","Diso","Government Secondary School, Diso","Male","disabled","NECO","University","23","23","15","0","0","0","1.3","0","8","15","0"
"2023/2024","North West","Kano","Gwale","Diso","Government Secondary School, Diso","Male","disabled","WAEC","University","32","32","17","6","6","0","1.3","0","15","12","0"
"2023/2024","North West","Kano","Gwale","Diso","Unity College, Gwale","Female","all","NABTEB","Polytechnic","182","179","124","45","38","7","1.5","3","55","80","7"
"2023/2024","North West","Kano","Gwale","Diso","Unity College, Gwale","Female","all","NECO","Polytechnic","325","320","210","70","58","12","1.4","5","110","140","12"
"2023/2024","North West","Kano","Gwale","Diso","Unity College, Gwale","Female","all","WAEC","Polytechnic","474","467","309","110","99","11","1.4","7","158","200","11"
"2023/2024","North West","Kano","Gwale","Diso","Unity College, Gwale","Female","disabled","NABTEB","Polytechnic","15","15","8","7","8","0","1.5","0","7","2","0"
"2023/2024","North West","Kano","Gwale","Diso","Unity College, Gwale","Female","disabled","NECO","Polytechnic","32","32","18","7","7","0","1.4","0","14","12","0"
"2023/2024","North West","Kano","Gwale","Diso","Unity College, Gwale","Female","disabled","WAEC","Polytechnic","46","45","29","12","12","0","1.4","1","16","18","0"
"2023/2024","North West","Kano","Gwale","Diso","Unity College, Gwale","Male","all","NABTEB","Polytechnic","181","178","120","37","30","7","1.5","3","58","83","7"
"2023/2024","North West","Kano","Gwale","Diso","Unity College, Gwale","Male","all","NECO","Polytechnic","345","340","220","64","52","12","1.4","5","120","157","12"
"2023/2024","North West","Kano","Gwale","Diso","Unity College, Gwale","Male","all","WAEC","Polytechnic","457","450","305","104","93","11","1.4","7","145","202","11"
"2023/2024","North West","Kano","Gwale","Diso","Unity College, Gwale","Male","disabled","NABTEB","Polytechnic","19","19","13","8","8","0","1.5","0","6","5","0"
"2023/2024","North West","Kano","Gwale","Diso","Unity College, Gwale","Male","disabled","NECO","Polytechnic","32","32","18","7","7","0","1.4","0","14","12","0"
"2023/2024","North West","Kano","Gwale","Diso","Unity College, Gwale","Male","disabled","WAEC","Polytechnic","46","45","29","6","6","0","1.4","1","16","23","0"
"2023/2024","North West","Kano","Gwale","Dorayi","Community Secondary School, Dorayi","Female","all","NABTEB","Polytechnic","178","175","124","45","38","7","1.5","3","51","80","7"
"2023/2024","North West","Kano","Gwale","Dorayi","Community Secondary School, Dorayi","Female","all","NECO","Polytechnic","325","320","217","83","71","12","1.4","5","103","134","12"
"2023/2024","North West","Kano","Gwale","Dorayi","Community Secondary School, Dorayi","Female","all","WAEC","Polytechnic","431","425","265","110","105","5","1.4","6","160","156","5"
"2023/2024","North West","Kano","Gwale","Dorayi","Community Secondary School, Dorayi","Female","disabled","NABTEB","Polytechnic","19","19","12","7","7","0","1.5","0","7","6","0"
"2023/2024","North West","Kano","Gwale","Dorayi","Community Secondary School, Dorayi","Female","disabled","NECO","Polytechnic","31","31","18","6","6","0","1.4","0","13","12","0"
"2023/2024","North West","Kano","Gwale","Dorayi","Community Secondary School, Dorayi","Female","disabled","WAEC","Polytechnic","46","45","29","12","13","0","1.4","1","16","18","0"
"2023/2024","North West","Kano","Gwale","Dorayi","Community Secondary School, Dorayi","Male","all","NABTEB","Polytechnic","181","178","124","44","38","7","1.5","3","54","79","7"
"2023/2024","North West","Kano","Gwale","Dorayi","Community Secondary School, Dorayi","Male","all","NECO","Polytechnic","357","352","232","90","78","12","1.4","5","120","143","12"
"2023/2024","North West","Kano","Gwale","Dorayi","Community Secondary School, Dorayi","Male","all","WAEC","Polytechnic","435","429","283","93","87","6","1.4","6","146","191","6"
"2023/2024","North West","Kano","Gwale","Dorayi","Community Secondary School, Dorayi","Male","disabled","NABTEB","Polytechnic","15","15","8","7","7","0","1.5","0","7","2","0"
"2023/2024","North West","Kano","Gwale","Dorayi","Community Secondary School, Dorayi","Male","disabled","NECO","Polytechnic","36","35","18","6","6","0","1.4","1","17","12","0"
"2023/2024","North West","Kano","Gwale","Dorayi","Community Secondary School, Dorayi","Male","disabled","WAEC","Polytechnic","42","41","25","6","6","0","1.4","1","16","20","0"
"2023/2024","North West","Kano","Gwale","Dorayi","Comprehensive High School, Dorayi","Female","all","NABTEB","College of Education","86","85","57","30","23","7","1.6","1","28","28","7"
"2023/2024","North West","Kano","Gwale","Dorayi","Comprehensive High School, Dorayi","Female","all","NECO","College of Education","128","126","84","32","26","6","1.6","2","42","53","6"
"2023/2024","North West","Kano","Gwale","Dorayi","Comprehensive High School, Dorayi","Female","all","WAEC","College of Education","207","204","132","52","50","2","1.6","3","72","81","2"
"2023/2024","North West","Kano","Gwale","Dorayi","Comprehensive High School, Dorayi","Female","disabled","NABTEB","College of Education","15","15","8","7","7","0","1.6","0","7","2","0"
"2023/2024","North West","Kano","Gwale","Dorayi","Comprehensive High School, Dorayi","Female","disabled","NECO","College of Education","15","15","11","6","6","0","1.6","0","4","6","0"
"2023/2024","North West","Kano","Gwale","Dorayi","Comprehensive High School, Dorayi","Female","disabled","WAEC","College of Education","15","15","10","5","5","0","1.6","0","5","4","0"
"2023/2024","North West","Kano","Gwale","Dorayi","Comprehensive High School, Dorayi","Male","all","NABTEB","College of Education","94","93","57","22","23","0","1.6","1","36","36","0"
"2023/2024","North West","Kano","Gwale","Dorayi","Comprehensive High School, Dorayi","Male","all","NECO","College of Education","149","147","92","38","32","6","1.6","2","55","55","6"
"2023/2024","North West","Kano","Gwale","Dorayi","Comprehensive High School, Dorayi","Male","all","WAEC","College of Education","220","217","140","52","50","2","1.6","3","77","88","2"
"2023/2024","North West","Kano","Gwale","Dorayi","Comprehensive High School, Dorayi","Male","disabled","NABTEB","College of Education","15","15","8","7","7","0","1.6","0","7","2","0"
"2023/2024","North West","Kano","Gwale","Dorayi","Comprehensive High School, Dorayi","Male","disabled","NECO","College of Education","15","15","8","6","6","0","1.6","0","8","2","0"
"2023/2024","North West","Kano","Gwale","Dorayi","Comprehensive High School, Dorayi","Male","disabled","WAEC","College of Education","15","15","10","5","5","0","1.6","0","5","4","0"
"2023/2024","North West","Kano","Gwale","Dorayi","Government Secondary School, Dorayi","Female","all","NABTEB","College of Education","86","85","57","22","23","0","1.6","1","28","36","0"
"2023/2024","North West","Kano","Gwale","Dorayi","Government Secondary School, Dorayi","Female","all","NECO","College of Education","153","151","100","38","32","6","1.6","2","51","63","6"
"2023/2024","North West","Kano","Gwale","Dorayi","Government Secondary School, Dorayi","Female","all","WAEC","College of Education","190","187","121","46","43","3","1.6","3","66","76","3"
"2023/2024","North West","Kano","Gwale","Dorayi","Government Secondary School, Dorayi","Female","disabled","NABTEB","College of Education","15","15","8","7","7","0","1.6","0","7","2","0"
"2023/2024","North West","Kano","Gwale","Dorayi","Government Secondary School, Dorayi","Female","disabled","NECO","College of Education","15","15","8","6","6","0","1.6","0","8","2","0"
"2023/2024","North West","Kano","Gwale","Dorayi","Government Secondary School, Dorayi","Female","disabled","WAEC","College of Education","23","23","14","6","6","0","1.6","0","9","8","0"
"2023/2024","North West","Kano","Gwale","Dorayi","Government Secondary School, Dorayi","Male","all","NABTEB","College of Education","90","89","57","22","23","0","1.6","1","32","36","0"
"2023/2024","North West","Kano","Gwale","Dorayi","Government Secondary School, Dorayi","Male","all","NECO","College of Education","157","155","104","38","32","6","1.6","2","51","67","6"
"2023/2024","North West","Kano","Gwale","Dorayi","Government Secondary School, Dorayi","Male","all","WAEC","College of Education","211","208","132","46","43","3","1.6","3","76","87","3"
"2023/2024","North West","Kano","Gwale","Dorayi","Government Secondary School, Dorayi","Male","disabled","NABTEB","College of Education","15","15","8","8","7","1","1.6","0","7","1","1"
"2023/2024","North West","Kano","Gwale","Dorayi","Government Secondary School, Dorayi","Male","disabled","NECO","College of Education","15","15","11","6","7","0","1.6","0","4","6","0"
"2023/2024","North West","Kano","Gwale","Dorayi","Government Secondary School, Dorayi","Male","disabled","WAEC","College of Education","19","19","10","5","5","0","1.6","0","9","5","0"
"2023/2024","North West","Kano","Gwale","Dorayi","Unity College, Gwale","Female","all","NABTEB","Polytechnic","126","124","84","37","30","7","1.5","2","40","48","7"
"2023/2024","North West","Kano","Gwale","Dorayi","Unity College, Gwale","Female","all","NECO","Polytechnic","220","217","140","58","52","6","1.4","3","77","82","6"
"2023/2024","North West","Kano","Gwale","Dorayi","Unity College, Gwale","Female","all","WAEC","Polytechnic","306","301","199","81","74","7","1.4","5","102","118","7"
"2023/2024","North West","Kano","Gwale","Dorayi","Unity College, Gwale","Female","disabled","NABTEB","Polytechnic","15","15","8","7","8","0","1.5","0","7","2","0"
"2023/2024","North West","Kano","Gwale","Dorayi","Unity College, Gwale","Female","disabled","NECO","Polytechnic","27","27","18","6","6","0","1.4","0","9","12","0"
"2023/2024","North West","Kano","Gwale","Dorayi","Unity College, Gwale","Female","disabled","WAEC","Polytechnic","42","41","25","11","13","0","1.4","1","16","15","0"
"2023/2024","North West","Kano","Gwale","Dorayi","Unity College, Gwale","Male","all","NABTEB","Polytechnic","134","132","88","37","30","7","1.5","2","44","52","7"
"2023/2024","North West","Kano","Gwale","Dorayi","Unity College, Gwale","Male","all","NECO","Polytechnic","266","262","174","64","52","12","1.4","4","88","111","12"
"2023/2024","North West","Kano","Gwale","Dorayi","Unity College, Gwale","Male","all","WAEC","Polytechnic","334","329","209","75","68","7","1.4","5","120","135","7"
"2023/2024","North West","Kano","Gwale","Dorayi","Unity College, Gwale","Male","disabled","NABTEB","Polytechnic","15","15","8","7","7","0","1.5","0","7","2","0"
"2023/2024","North West","Kano","Gwale","Dorayi","Unity College, Gwale","Male","disabled","NECO","Polytechnic","32","32","18","6","6","0","1.4","0","14","13","0"
"2023/2024","North West","Kano","Gwale","Dorayi","Unity College, Gwale","Male","disabled","WAEC","Polytechnic","42","41","25","6","6","0","1.4","1","16","20","0"
"2023/2024","North West","Kano","Kano Municipal","Chedi","Community Secondary School, Chedi","Female","all","NABTEB","College of Education","114","112","71","22","15","7","1.6","2","41","50","7"
"2023/2024","North West","Kano","Kano Municipal","Chedi","Community Secondary School, Chedi","Female","all","NECO","College of Education","186","183","112","32","26","6","1.6","3","71","80","6"
"2023/2024","North West","Kano","Kano Municipal","Chedi","Community Secondary School, Chedi","Female","all","WAEC","College of Education","286","282","176","52","43","9","1.6","4","106","124","9"
"2023/2024","North West","Kano","Kano Municipal","Chedi","Community Secondary School, Chedi","Female","disabled","NABTEB","College of Education","15","15","8","0","0","0","1.6","0","7","8","0"
"2023/2024","North West","Kano","Kano Municipal","Chedi","Community Secondary School, Chedi","Female","disabled","NECO","College of Education","23","23","15","0","0","0","1.6","0","8","15","0"
"2023/2024","North West","Kano","Kano Municipal","Chedi","Community Secondary School, Chedi","Female","disabled","WAEC","College of Education","28","28","14","0","0","0","1.6","0","14","14","0"
"2023/2024","North West","Kano","Kano Municipal","Chedi","Community Secondary School, Chedi","Male","all","NABTEB","College of Education","110","108","66","15","15","0","1.6","2","42","51","0"
"2023/2024","North West","Kano","Kano Municipal","Chedi","Community Secondary School, Chedi","Male","all","NECO","College of Education","199","196","123","32","26","6","1.6","3","73","92","6"
"2023/2024","North West","Kano","Kano Municipal","Chedi","Community Secondary School, Chedi","Male","all","WAEC","College of Education","295","291","180","52","50","2","1.6","4","111","128","2"
"2023/2024","North West","Kano","Kano Municipal","Chedi","Community Secondary School, Chedi","Male","disabled","NABTEB","College of Education","15","15","8","0","0","0","1.6","0","7","8","0"
"2023/2024","North West","Kano","Kano Municipal","Chedi","Community Secondary School, Chedi","Male","disabled","NECO","College of Education","19","19","11","0","0","0","1.6","0","8","11","0"
"2023/2024","North West","Kano","Kano Municipal","Chedi","Community Secondary School, Chedi","Male","disabled","WAEC","College of Education","32","32","17","6","6","0","1.6","0","15","12","0"
"2023/2024","North West","Kano","Kano Municipal","Chedi","Comprehensive High School, Chedi","Female","all","NABTEB","University","206","203","138","60","53","7","1.4","3","65","79","7"
"2023/2024","North West","Kano","Kano Municipal","Chedi","Comprehensive High School, Chedi","Female","all","NECO","University","358","353","221","90","78","12","1.3","5","132","131","12"
"2023/2024","North West","Kano","Kano Municipal","Chedi","Comprehensive High School, Chedi","Female","all","WAEC","University","449","442","298","116","105","11","1.3","7","144","183","11"
"2023/2024","North West","Kano","Kano Municipal","Chedi","Comprehensive High School, Chedi","Female","disabled","NABTEB","University","15","15","8","7","7","0","1.4","0","7","2","0"
"2023/2024","North West","Kano","Kano Municipal","Chedi","Comprehensive High School, Chedi","Female","disabled","NECO","University","27","27","14","6","6","0","1.3","0","13","8","0"
"2023/2024","North West","Kano","Kano Municipal","Chedi","Comprehensive High School, Chedi","Female","disabled","WAEC","University","32","32","17","6","6","0","1.3","0","15","12","0"
"2023/2024","North West","Kano","Kano Municipal","Chedi","Comprehensive High School, Chedi","Male","all","NABTEB","University","245","241","151","45","38","7","1.4","4","90","106","7"
"2023/2024","North West","Kano","Kano Municipal","Chedi","Comprehensive High School, Chedi","Male","all","NECO","University","420","414","276","96","78","18","1.3","6","138","180","18"
"2023/2024","North West","Kano","Kano Municipal","Chedi","Comprehensive High School, Chedi","Male","all","WAEC","University","537","529","357","122","105","17","1.3","8","172","235","17"
"2023/2024","North West","Kano","Kano Municipal","Chedi","Comprehensive High School, Chedi","Male","disabled","NABTEB","University","19","19","12","7","7","0","1.4","0","7","6","0"
"2023/2024","North West","Kano","Kano Municipal","Chedi","Comprehensive High School, Chedi","Male","disabled","NECO","University","31","31","18","6","7","0","1.3","0","13","12","0"
"2023/2024","North West","Kano","Kano Municipal","Chedi","Comprehensive High School, Chedi","Male","disabled","WAEC","University","46","45","29","12","13","0","1.3","1","16","18","0"
"2023/2024","North West","Kano","Kano Municipal","Chedi","Government Secondary School, Chedi","Female","all","NABTEB","Polytechnic","134","132","84","30","23","7","1.5","2","48","55","7"
"2023/2024","North West","Kano","Kano Municipal","Chedi","Government Secondary School, Chedi","Female","all","NECO","Polytechnic","254","250","159","45","39","6","1.4","4","91","114","6"
"2023/2024","North West","Kano","Kano Municipal","Chedi","Government Secondary School, Chedi","Female","all","WAEC","Polytechnic","352","347","207","75","68","7","1.4","5","140","132","7"
"2023/2024","North West","Kano","Kano Municipal","Chedi","Government Secondary School, Chedi","Female","disabled","NABTEB","Polytechnic","15","15","8","7","7","0","1.5","0","7","2","0"
"2023/2024","North West","Kano","Kano Municipal","Chedi","Government Secondary School, Chedi","Female","disabled","NECO","Polytechnic","32","32","18","6","7","0","1.4","0","14","13","0"
"2023/2024","North West","Kano","Kano Municipal","Chedi","Government Secondary School, Chedi","Female","disabled","WAEC","Polytechnic","42","41","21","6","6","0","1.4","1","20","16","0"
"2023/2024","North West","Kano","Kano Municipal","Chedi","Government Secondary School, Chedi","Male","all","NABTEB","Polytechnic","134","132","79","22","15","7","1.5","2","53","58","7"
"2023/2024","North West","Kano","Kano Municipal","Chedi","Government Secondary School, Chedi","Male","all","NECO","Polytechnic","262","258","159","45","39","6","1.4","4","99","114","6"
"2023/2024","North West","Kano","Kano Municipal","Chedi","Government Secondary School, Chedi","Male","all","WAEC","Polytechnic","355","350","209","58","50","8","1.4","5","141","152","8"
"2023/2024","North West","Kano","Kano Municipal","Chedi","Government Secondary School, Chedi","Male","disabled","NABTEB","Polytechnic","15","15","8","0","0","0","1.5","0","7","8","0"
"2023/2024","North West","Kano","Kano Municipal","Chedi","Government Secondary School, Chedi","Male","disabled","NECO","Polytechnic","32","32","18","6","6","0","1.4","0","14","13","0"
"2023/2024","North West","Kano","Kano Municipal","Chedi","Government Secondary School, Chedi","Male","disabled","WAEC","Polytechnic","46","45","25","6","6","0","1.4","1","20","20","0"
"2023/2024","North West","Kano","Kano Municipal","Chedi","Unity College, Kano Municipal","Female","all","NABTEB","College of Education","130","128","79","22","15","7","1.6","2","49","58","7"
"2023/2024","North West","Kano","Kano Municipal","Chedi","Unity College, Kano Municipal","Female","all","NECO","College of Education","242","238","148","38","32","6","1.6","4","90","110","6"
"2023/2024","North West","Kano","Kano Municipal","Chedi","Unity College, Kano Municipal","Female","all","WAEC","College of Education","368","363","232","75","68","7","1.6","5","131","158","7"
"2023/2024","North West","Kano","Kano Municipal","Chedi","Unity College, Kano Municipal","Female","disabled","NABTEB","College of Education","15","15","8","0","0","0","1.6","0","7","8","0"
"2023/2024","North West","Kano","Kano Municipal","Chedi","Unity College, Kano Municipal","Female","disabled","NECO","College of Education","19","19","11","6","7","0","1.6","0","8","6","0"
"2023/2024","North West","Kano","Kano Municipal","Chedi","Unity College, Kano Municipal","Female","disabled","WAEC","College of Education","32","32","17","6","6","0","1.6","0","15","12","0"
"2023/2024","North West","Kano","Kano Municipal","Chedi","Unity College, Kano Municipal","Male","all","NABTEB","College of Education","126","124","71","15","15","0","1.6","2","53","57","0"
"2023/2024","North West","Kano","Kano Municipal","Chedi","Unity College, Kano Municipal","Male","all","NECO","College of Education","212","209","120","26","19","7","1.6","3","89","94","7"
"2023/2024","North West","Kano","Kano Municipal","Chedi","Unity College, Kano Municipal","Male","all","WAEC","College of Education","322","317","184","41","37","4","1.6","5","133","144","4"
"2023/2024","North West","Kano","Kano Municipal","Chedi","Unity College, Kano Municipal","Male","disabled","NABTEB","College of Education","15","15","8","0","0","0","1.6","0","7","8","0"
"2023/2024","North West","Kano","Kano Municipal","Chedi","Unity College, Kano Municipal","Male","disabled","NECO","College of Education","19","19","11","0","0","0","1.6","0","8","11","0"
"2023/2024","North West","Kano","Kano Municipal","Chedi","Unity College, Kano Municipal","Male","disabled","WAEC","College of Education","28","28","14","0","0","0","1.6","0","14","14","0"
"2023/2024","North West","Kano","Kano Municipal","Dan'agundi","Community Secondary School, Dan'agundi","Female","all","NABTEB","Polytechnic","78","77","48","22","23","0","1.5","1","29","27","0"
"2023/2024","North West","Kano","Kano Municipal","Dan'agundi","Community Secondary School, Dan'agundi","Female","all","NECO","Polytechnic","141","139","89","38","32","6","1.4","2","50","51","6"
"2023/2024","North West","Kano","Kano Municipal","Dan'agundi","Community Secondary School, Dan'agundi","Female","all","WAEC","Polytechnic","195","192","122","46","43","3","1.4","3","70","76","3"
"2023/2024","North West","Kano","Kano Municipal","Dan'agundi","Community Secondary School, Dan'agundi","Female","disabled","NABTEB","Polytechnic","15","15","8","8","7","1","1.5","0","7","1","1"
"2023/2024","North West","Kano","Kano Municipal","Dan'agundi","Community Secondary School, Dan'agundi","Female","disabled","NECO","Polytechnic","15","15","8","6","6","0","1.4","0","8","2","0"
"2023/2024","North West","Kano","Kano Municipal","Dan'agundi","Community Secondary School, Dan'agundi","Female","disabled","WAEC","Polytechnic","15","15","10","5","5","0","1.4","0","5","4","0"
"2023/2024","North West","Kano","Kano Municipal","Dan'agundi","Community Secondary School, Dan'agundi","Male","all","NABTEB","Polytechnic","74","73","48","15","15","0","1.5","1","25","34","0"
"2023/2024","North West","Kano","Kano Municipal","Dan'agundi","Community Secondary School, Dan'agundi","Male","all","NECO","Polytechnic","149","147","92","32","26","6","1.4","2","55","61","6"
"2023/2024","North West","Kano","Kano Municipal","Dan'agundi","Community Secondary School, Dan'agundi","Male","all","WAEC","Polytechnic","212","209","129","46","43","3","1.4","3","80","83","3"
"2023/2024","North West","Kano","Kano Municipal","Dan'agundi","Community Secondary School, Dan'agundi","Male","disabled","NABTEB","Polytechnic","15","15","8","0","0","0","1.5","0","7","8","0"
"2023/2024","North West","Kano","Kano Municipal","Dan'agundi","Community Secondary School, Dan'agundi","Male","disabled","NECO","Polytechnic","15","15","8","6","6","0","1.4","0","8","2","0"
"2023/2024","North West","Kano","Kano Municipal","Dan'agundi","Community Secondary School, Dan'agundi","Male","disabled","WAEC","Polytechnic","15","15","10","5","5","0","1.4","0","5","4","0"
"2023/2024","North West","Kano","Kano Municipal","Dan'agundi","Comprehensive High School, Dan'agundi","Female","all","NABTEB","College of Education","142","140","93","37","30","7","1.6","2","47","57","7"
"2023/2024","North West","Kano","Kano Municipal","Dan'agundi","Comprehensive High School, Dan'agundi","Female","all","NECO","College of Education","250","246","163","58","52","6","1.6","4","83","105","6"
"2023/2024","North West","Kano","Kano Municipal","Dan'agundi","Comprehensive High School, Dan'agundi","Female","all","WAEC","College of Education","344","339","225","81","74","7","1.6","5","114","144","7"
"2023/2024","North West","Kano","Kano Municipal","Dan'agundi","Comprehensive High School, Dan'agundi","Female","disabled","NABTEB","College of Education","15","15","8","8","7","1","1.6","0","7","1","1"
"2023/2024","North West","Kano","Kano Municipal","Dan'agundi","Comprehensive High School, Dan'agundi","Female","disabled","NECO","College of Education","23","23","15","6","6","0","1.6","0","8","9","0"
"2023/2024","North West","Kano","Kano Municipal","Dan'agundi","Comprehensive High School, Dan'agundi","Female","disabled","WAEC","College of Education","32","32","17","6","6","0","1.6","0","15","12","0"
"2023/2024","North West","Kano","Kano Municipal","Dan'agundi","Comprehensive High School, Dan'agundi","Male","all","NABTEB","College of Education","157","155","93","22","15","7","1.6","2","62","71","7"
"2023/2024","North West","Kano","Kano Municipal","Dan'agundi","Comprehensive High School, Dan'agundi","Male","all","NECO","College of Education","329","324","202","64","58","6","1.6","5","122","138","6"
"2023/2024","North West","Kano","Kano Municipal","Dan'agundi","Comprehensive High School, Dan'agundi","Male","all","WAEC","College of Education","414","408","268","87","80","7","1.6","6","140","181","7"
"2023/2024","North West","Kano","Kano Municipal","Dan'agundi","Comprehensive High School, Dan'agundi","Male","disabled","NABTEB","College of Education","15","15","8","0","0","0","1.6","0","7","8","0"
"2023/2024","North West","Kano","Kano Municipal","Dan'agundi","Comprehensive High School, Dan'agundi","Male","disabled","NECO","College of Education","27","27","15","6","6","0","1.6","0","12","9","0"
"2023/2024","North West","Kano","Kano Municipal","Dan'agundi","Comprehensive High School, Dan'agundi","Male","disabled","WAEC","College of Education","37","36","21","6","6","0","1.6","1","15","15","0"
"2023/2024","North West","Kano","Kano Municipal","Dan'agundi","Government Secondary School, Dan'agundi","Female","all","NABTEB","Polytechnic","114","112","71","30","23","7","1.5","2","41","42","7"
"2023/2024","North West","Kano","Kano Municipal","Dan'agundi","Government Secondary School, Dan'agundi","Female","all","NECO","Polytechnic","220","217","148","58","52","6","1.4","3","69","90","6"
"2023/2024","North West","Kano","Kano Municipal","Dan'agundi","Government Secondary School, Dan'agundi","Female","all","WAEC","Polytechnic","327","322","218","81","74","7","1.4","5","104","137","7"
"2023/2024","North West","Kano","Kano Municipal","Dan'agundi","Government Secondary School, Dan'agundi","Female","disabled","NABTEB","Polytechnic","15","15","8","7","7","0","1.5","0","7","2","0"
"2023/2024","North West","Kano","Kano Municipal","Dan'agundi","Government Secondary School, Dan'agundi","Female","disabled","NECO","Polytechnic","23","23","14","6","6","0","1.4","0","9","8","0"
"2023/2024","North West","Kano","Kano Municipal","Dan'agundi","Government Secondary School, Dan'agundi","Female","disabled","WAEC","Polytechnic","38","37","21","6","6","0","1.4","1","16","16","0"
"2023/2024","North West","Kano","Kano Municipal","Dan'agundi","Government Secondary School, Dan'agundi","Male","all","NABTEB","Polytechnic","122","120","75","22","23","0","1.5","2","45","54","0"
"2023/2024","North West","Kano","Kano Municipal","Dan'agundi","Government Secondary School, Dan'agundi","Male","all","NECO","Polytechnic","242","238","155","51","45","6","1.4","4","83","104","6"
"2023/2024","North West","Kano","Kano Municipal","Dan'agundi","Government Secondary School, Dan'agundi","Male","all","WAEC","Polytechnic","342","337","220","75","68","7","1.4","5","117","145","7"
"2023/2024","North West","Kano","Kano Municipal","Dan'agundi","Government Secondary School, Dan'agundi","Male","disabled","NABTEB","Polytechnic","15","15","8","8","7","1","1.5","0","7","1","1"
"2023/2024","North West","Kano","Kano Municipal","Dan'agundi","Government Secondary School, Dan'agundi","Male","disabled","NECO","Polytechnic","23","23","15","6","6","0","1.4","0","8","9","0"
"2023/2024","North West","Kano","Kano Municipal","Dan'agundi","Government Secondary School, Dan'agundi","Male","disabled","WAEC","Polytechnic","37","36","21","6","6","0","1.4","1","15","15","0"
"2023/2024","North West","Kano","Kano Municipal","Dan'agundi","Unity College, Kano Municipal","Female","all","NABTEB","College of Education","130","128","75","30","30","0","1.6","2","53","46","0"
"2023/2024","North West","Kano","Kano Municipal","Dan'agundi","Unity College, Kano Municipal","Female","all","NECO","College of Education","195","192","115","38","32","6","1.6","3","77","78","6"
"2023/2024","North West","Kano","Kano Municipal","Dan'agundi","Unity College, Kano Municipal","Female","all","WAEC","College of Education","266","262","161","46","43","3","1.6","4","101","116","3"
"2023/2024","North West","Kano","Kano Municipal","Dan'agundi","Unity College, Kano Municipal","Female","disabled","NABTEB","College of Education","15","15","8","8","7","1","1.6","0","7","1","1"
"2023/2024","North West","Kano","Kano Municipal","Dan'agundi","Unity College, Kano Municipal","Female","disabled","NECO","College of Education","19","19","11","6","6","0","1.6","0","8","6","0"
"2023/2024","North West","Kano","Kano Municipal","Dan'agundi","Unity College, Kano Municipal","Female","disabled","WAEC","College of Education","28","28","17","6","6","0","1.6","0","11","12","0"
"2023/2024","North West","Kano","Kano Municipal","Dan'agundi","Unity College, Kano Municipal","Male","all","NABTEB","College of Education","119","117","72","15","15","0","1.6","2","45","57","0"
"2023/2024","North West","Kano","Kano Municipal","Dan'agundi","Unity College, Kano Municipal","Male","all","NECO","College of Education","202","199","127","32","26","6","1.6","3","72","95","6"
"2023/2024","North West","Kano","Kano Municipal","Dan'agundi","Unity College, Kano Municipal","Male","all","WAEC","College of Education","266","262","161","46","43","3","1.6","4","101","116","3"
"2023/2024","North West","Kano","Kano Municipal","Dan'agundi","Unity College, Kano Municipal","Male","disabled","NABTEB","College of Education","15","15","8","0","0","0","1.6","0","7","8","0"
"2023/2024","North West","Kano","Kano Municipal","Dan'agundi","Unity College, Kano Municipal","Male","disabled","NECO","College of Education","19","19","11","0","0","0","1.6","0","8","11","0"
"2023/2024","North West","Kano","Kano Municipal","Dan'agundi","Unity College, Kano Municipal","Male","disabled","WAEC","College of Education","28","28","14","6","6","0","1.6","0","14","9","0"
"2023/2024","North West","Kano","Kano Municipal","Gandun Albasa","Community Secondary School, Gandun Albasa","Female","all","NABTEB","University","153","151","88","30","23","7","1.4","2","63","58","7"
"2023/2024","North West","Kano","Kano Municipal","Gandun Albasa","Community Secondary School, Gandun Albasa","Female","all","NECO","University","286","282","174","51","45","6","1.3","4","108","124","6"
"2023/2024","North West","Kano","Kano Municipal","Gandun Albasa","Community Secondary School, Gandun Albasa","Female","all","WAEC","University","364","359","225","64","56","8","1.3","5","134","161","8"
"2023/2024","North West","Kano","Kano Municipal","Gandun Albasa","Community Secondary School, Gandun Albasa","Female","disabled","NABTEB","University","19","19","9","0","0","0","1.4","0","10","9","0"
"2023/2024","North West","Kano","Kano Municipal","Gandun Albasa","Community Secondary School, Gandun Albasa","Female","disabled","NECO","University","36","35","22","6","6","0","1.3","1","13","16","0"
"2023/2024","North West","Kano","Kano Municipal","Gandun Albasa","Community Secondary School, Gandun Albasa","Female","disabled","WAEC","University","46","45","25","6","6","0","1.3","1","20","20","0"
"2023/2024","North West","Kano","Kano Municipal","Gandun Albasa","Community Secondary School, Gandun Albasa","Male","all","NABTEB","University","174","171","106","22","23","0","1.4","3","65","85","0"
"2023/2024","North West","Kano","Kano Municipal","Gandun Albasa","Community Secondary School, Gandun Albasa","Male","all","NECO","University","325","320","186","45","39","6","1.3","5","134","141","6"
"2023/2024","North West","Kano","Kano Municipal","Gandun Albasa","Community Secondary School, Gandun Albasa","Male","all","WAEC","University","419","413","243","70","62","8","1.3","6","170","174","8"
"2023/2024","North West","Kano","Kano Municipal","Gandun Albasa","Community Secondary School, Gandun Albasa","Male","disabled","NABTEB","University","23","23","13","0","0","0","1.4","0","10","13","0"
"2023/2024","North West","Kano","Kano Municipal","Gandun Albasa","Community Secondary School, Gandun Albasa","Male","disabled","NECO","University","45","44","22","0","0","0","1.3","1","22","22","0"
"2023/2024","North West","Kano","Kano Municipal","Gandun Albasa","Community Secondary School, Gandun Albasa","Male","disabled","WAEC","University","54","53","29","6","6","0","1.3","1","24","24","0"
"2023/2024","North West","Kano","Kano Municipal","Gandun Albasa","Comprehensive High School, Gandun Albasa","Female","all","NABTEB","University","97","96","62","22","23","0","1.4","1","34","40","0"
"2023/2024","North West","Kano","Kano Municipal","Gandun Albasa","Comprehensive High School, Gandun Albasa","Female","all","NECO","University","179","176","113","38","32","6","1.3","3","63","75","6"
"2023/2024","North West","Kano","Kano Municipal","Gandun Albasa","Comprehensive High School, Gandun Albasa","Female","all","WAEC","University","232","229","147","52","50","2","1.3","3","82","96","2"
"2023/2024","North West","Kano","Kano Municipal","Gandun Albasa","Comprehensive High School, Gandun Albasa","Female","disabled","NABTEB","University","15","15","8","8","7","1","1.4","0","7","1","1"
"2023/2024","North West","Kano","Kano Municipal","Gandun Albasa","Comprehensive High School, Gandun Albasa","Female","disabled","NECO","University","19","19","11","5","5","0","1.3","0","8","5","0"
"2023/2024","North West","Kano","Kano Municipal","Gandun Albasa","Comprehensive High School, Gandun Albasa","Female","disabled","WAEC","University","28","28","17","6","6","0","1.3","0","11","12","0"
"2023/2024","North West","Kano","Kano Municipal","Gandun Albasa","Comprehensive High School, Gandun Albasa","Male","all","NABTEB","University","110","108","66","15","15","0","1.4","2","42","51","0"
"2023/2024","North West","Kano","Kano Municipal","Gandun Albasa","Comprehensive High School, Gandun Albasa","Male","all","NECO","University","224","221","127","32","26","6","1.3","3","94","96","6"
"2023/2024","North West","Kano","Kano Municipal","Gandun Albasa","Comprehensive High School, Gandun Albasa","Male","all","WAEC","University","266","262","158","46","43","3","1.3","4","104","113","3"
"2023/2024","North West","Kano","Kano Municipal","Gandun Albasa","Comprehensive High School, Gandun Albasa","Male","disabled","NABTEB","University","15","15","8","0","0","0","1.4","0","7","8","0"
"2023/2024","North West","Kano","Kano Municipal","Gandun Albasa","Comprehensive High School, Gandun Albasa","Male","disabled","NECO","University","27","27","15","0","0","0","1.3","0","12","15","0"
"2023/2024","North West","Kano","Kano Municipal","Gandun Albasa","Comprehensive High School, Gandun Albasa","Male","disabled","WAEC","University","32","32","17","6","6","0","1.3","0","15","12","0"
"2023/2024","North West","Kano","Kano Municipal","Gandun Albasa","Government Secondary School, Gandun Albasa","Female","all","NABTEB","University","157","155","97","37","30","7","1.4","2","58","60","7"
"2023/2024","North West","Kano","Kano Municipal","Gandun Albasa","Government Secondary School, Gandun Albasa","Female","all","NECO","University","302","298","185","64","52","12","1.3","4","113","122","12"
"2023/2024","North West","Kano","Kano Municipal","Gandun Albasa","Government Secondary School, Gandun Albasa","Female","all","WAEC","University","431","425","254","87","80","7","1.3","6","171","168","7"
"2023/2024","North West","Kano","Kano Municipal","Gandun Albasa","Government Secondary School, Gandun Albasa","Female","disabled","NABTEB","University","23","23","13","7","7","0","1.4","0","10","6","0"
"2023/2024","North West","Kano","Kano Municipal","Gandun Albasa","Government Secondary School, Gandun Albasa","Female","disabled","NECO","University","41","40","22","6","7","0","1.3","1","18","17","0"
"2023/2024","North West","Kano","Kano Municipal","Gandun Albasa","Government Secondary School, Gandun Albasa","Female","disabled","WAEC","University","58","57","32","12","13","0","1.3","1","25","20","0"
"2023/2024","North West","Kano","Kano Municipal","Gandun Albasa","Government Secondary School, Gandun Albasa","Male","all","NABTEB","University","161","159","93","37","30","7","1.4","2","66","57","7"
"2023/2024","North West","Kano","Kano Municipal","Gandun Albasa","Government Secondary School, Gandun Albasa","Male","all","NECO","University","311","306","185","51","45","6","1.3","5","121","134","6"
"2023/2024","North West","Kano","Kano Municipal","Gandun Albasa","Government Secondary School, Gandun Albasa","Male","all","WAEC","University","462","455","276","75","68","7","1.3","7","179","202","7"
"2023/2024","North West","Kano","Kano Municipal","Gandun Albasa","Government Secondary School, Gandun Albasa","Male","disabled","NABTEB","University","23","23","13","7","7","0","1.4","0","10","6","0"
"2023/2024","North West","Kano","Kano Municipal","Gandun Albasa","Government Secondary School, Gandun Albasa","Male","disabled","NECO","University","40","39","22","6","7","0","1.3","1","17","16","0"
"2023/2024","North West","Kano","Kano Municipal","Gandun Albasa","Government Secondary School, Gandun Albasa","Male","disabled","WAEC","University","63","62","36","6","6","0","1.3","1","26","31","0"
"2023/2024","North West","Kano","Kano Municipal","Gandun Albasa","Unity College, Kano Municipal","Female","all","NABTEB","College of Education","157","155","102","37","30","7","1.6","2","53","65","7"
"2023/2024","North West","Kano","Kano Municipal","Gandun Albasa","Unity College, Kano Municipal","Female","all","NECO","College of Education","312","307","201","70","58","12","1.6","5","106","132","12"
"2023/2024","North West","Kano","Kano Municipal","Gandun Albasa","Unity College, Kano Municipal","Female","all","WAEC","College of Education","390","384","246","93","87","6","1.6","6","138","154","6"
"2023/2024","North West","Kano","Kano Municipal","Gandun Albasa","Unity College, Kano Municipal","Female","disabled","NABTEB","College of Education","19","19","12","7","8","0","1.6","0","7","6","0"
"2023/2024","North West","Kano","Kano Municipal","Gandun Albasa","Unity College, Kano Municipal","Female","disabled","NECO","College of Education","37","36","22","6","6","0","1.6","1","14","17","0"
"2023/2024","North West","Kano","Kano Municipal","Gandun Albasa","Unity College, Kano Municipal","Female","disabled","WAEC","College of Education","46","45","29","11","12","0","1.6","1","16","19","0"
"2023/2024","North West","Kano","Kano Municipal","Gandun Albasa","Unity College, Kano Municipal","Male","all","NABTEB","College of Education","182","179","115","37","30","7","1.6","3","64","79","7"
"2023/2024","North West","Kano","Kano Municipal","Gandun Albasa","Unity College, Kano Municipal","Male","all","NECO","College of Education","392","386","248","83","71","12","1.6","6","138","165","12"
"2023/2024","North West","Kano","Kano Municipal","Gandun Albasa","Unity College, Kano Municipal","Male","all","WAEC","College of Education","496","489","321","99","87","12","1.6","7","168","222","12"
"2023/2024","North West","Kano","Kano Municipal","Gandun Albasa","Unity College, Kano Municipal","Male","disabled","NABTEB","College of Education","23","23","13","7","8","0","1.6","0","10","6","0"
"2023/2024","North West","Kano","Kano Municipal","Gandun Albasa","Unity College, Kano Municipal","Male","disabled","NECO","College of Education","45","44","26","6","7","0","1.6","1","18","21","0"
"2023/2024","North West","Kano","Kano Municipal","Gandun Albasa","Unity College, Kano Municipal","Male","disabled","WAEC","College of Education","59","58","32","11","13","0","1.6","1","26","22","0"
"2023/2024","North West","Kano","Nasarawa","Dakata","Community Secondary School, Dakata","Female","all","NABTEB","University","114","112","75","37","30","7","1.4","2","37","39","7"
"2023/2024","North West","Kano","Nasarawa","Dakata","Community Secondary School, Dakata","Female","all","NECO","University","229","226","148","58","45","13","1.3","3","78","90","13"
"2023/2024","North West","Kano","Nasarawa","Dakata","Community Secondary School, Dakata","Female","all","WAEC","University","306","301","203","81","74","7","1.3","5","98","122","7"
"2023/2024","North West","Kano","Nasarawa","Dakata","Community Secondary School, Dakata","Female","disabled","NABTEB","University","15","15","8","8","8","0","1.4","0","7","1","0"
"2023/2024","North West","Kano","Nasarawa","Dakata","Community Secondary School, Dakata","Female","disabled","NECO","University","19","19","11","6","6","0","1.3","0","8","6","0"
"2023/2024","North West","Kano","Nasarawa","Dakata","Community Secondary School, Dakata","Female","disabled","WAEC","University","28","28","17","6","6","0","1.3","0","11","12","0"
"2023/2024","North West","Kano","Nasarawa","Dakata","Community Secondary School, Dakata","Male","all","NABTEB","University","130","128","88","30","23","7","1.4","2","40","59","7"
"2023/2024","North West","Kano","Nasarawa","Dakata","Community Secondary School, Dakata","Male","all","NECO","University","286","282","178","58","52","6","1.3","4","104","121","6"
"2023/2024","North West","Kano","Nasarawa","Dakata","Community Secondary School, Dakata","Male","all","WAEC","University","335","330","214","70","62","8","1.3","5","116","144","8"
"2023/2024","North West","Kano","Nasarawa","Dakata","Community Secondary School, Dakata","Male","disabled","NABTEB","University","15","15","8","8","8","0","1.4","0","7","1","0"
"2023/2024","North West","Kano","Nasarawa","Dakata","Community Secondary School, Dakata","Male","disabled","NECO","University","23","23","15","6","6","0","1.3","0","8","9","0"
"2023/2024","North West","Kano","Nasarawa","Dakata","Community Secondary School, Dakata","Male","disabled","WAEC","University","28","28","17","6","6","0","1.3","0","11","12","0"
"2023/2024","North West","Kano","Nasarawa","Dakata","Comprehensive High School, Dakata","Female","all","NABTEB","Polytechnic","97","96","57","15","15","0","1.5","1","39","42","0"
"2023/2024","North West","Kano","Nasarawa","Dakata","Comprehensive High School, Dakata","Female","all","NECO","Polytechnic","187","184","115","38","32","6","1.4","3","69","78","6"
"2023/2024","North West","Kano","Nasarawa","Dakata","Comprehensive High School, Dakata","Female","all","WAEC","Polytechnic","291","287","180","58","56","2","1.4","4","107","123","2"
"2023/2024","North West","Kano","Nasarawa","Dakata","Comprehensive High School, Dakata","Female","disabled","NABTEB","Polytechnic","15","15","8","0","0","0","1.5","0","7","8","0"
"2023/2024","North West","Kano","Nasarawa","Dakata","Comprehensive High School, Dakata","Female","disabled","NECO","Polytechnic","19","19","11","5","5","0","1.4","0","8","5","0"
"2023/2024","North West","Kano","Nasarawa","Dakata","Comprehensive High School, Dakata","Female","disabled","WAEC","Polytechnic","32","32","17","6","6","0","1.4","0","15","12","0"
"2023/2024","North West","Kano","Nasarawa","Dakata","Comprehensive High School, Dakata","Male","all","NABTEB","Polytechnic","98","97","62","15","15","0","1.5","1","35","48","0"
"2023/2024","North West","Kano","Nasarawa","Dakata","Comprehensive High School, Dakata","Male","all","NECO","Polytechnic","170","167","100","26","19","7","1.4","3","67","75","7"
"2023/2024","North West","Kano","Nasarawa","Dakata","Comprehensive High School, Dakata","Male","all","WAEC","Polytechnic","262","258","150","41","37","4","1.4","4","108","110","4"
"2023/2024","North West","Kano","Nasarawa","Dakata","Comprehensive High School, Dakata","Male","disabled","NABTEB","Polytechnic","15","15","8","0","0","0","1.5","0","7","8","0"
"2023/2024","North West","Kano","Nasarawa","Dakata","Comprehensive High School, Dakata","Male","disabled","NECO","Polytechnic","19","19","11","0","0","0","1.4","0","8","11","0"
"2023/2024","North West","Kano","Nasarawa","Dakata","Comprehensive High School, Dakata","Male","disabled","WAEC","Polytechnic","38","37","21","6","6","0","1.4","1","16","16","0"
"2023/2024","North West","Kano","Nasarawa","Dakata","Government Secondary School, Dakata","Female","all","NABTEB","Polytechnic","160","158","97","37","30","7","1.5","2","61","60","7"
"2023/2024","North West","Kano","Nasarawa","Dakata","Government Secondary School, Dakata","Female","all","NECO","Polytechnic","325","320","194","58","52","6","1.4","5","126","136","6"
"2023/2024","North West","Kano","Nasarawa","Dakata","Government Secondary School, Dakata","Female","all","WAEC","Polytechnic","436","430","281","93","87","6","1.4","6","149","188","6"
"2023/2024","North West","Kano","Nasarawa","Dakata","Government Secondary School, Dakata","Female","disabled","NABTEB","Polytechnic","23","23","13","8","8","0","1.5","0","10","5","0"
"2023/2024","North West","Kano","Nasarawa","Dakata","Government Secondary School, Dakata","Female","disabled","NECO","Polytechnic","45","44","26","6","6","0","1.4","1","18","21","0"
"2023/2024","North West","Kano","Nasarawa","Dakata","Government Secondary School, Dakata","Female","disabled","WAEC","Polytechnic","58","57","36","12","13","0","1.4","1","21","24","0"
"2023/2024","North West","Kano","Nasarawa","Dakata","Government Secondary School, Dakata","Male","all","NABTEB","Polytechnic","193","190","124","37","30","7","1.5","3","66","87","7"
"2023/2024","North West","Kano","Nasarawa","Dakata","Government Secondary School, Dakata","Male","all","NECO","Polytechnic","370","365","225","83","71","12","1.4","5","140","142","12"
"2023/2024","North West","Kano","Nasarawa","Dakata","Government Secondary School, Dakata","Male","all","WAEC","Polytechnic","495","488","320","104","93","11","1.4","7","168","217","11"
"2023/2024","North West","Kano","Nasarawa","Dakata","Government Secondary School, Dakata","Male","disabled","NABTEB","Polytechnic","27","27","18","8","8","0","1.5","0","9","10","0"
"2023/2024","North West","Kano","Nasarawa","Dakata","Government Secondary School, Dakata","Male","disabled","NECO","Polytechnic","50","49","27","6","6","0","1.4","1","22","21","0"
"2023/2024","North West","Kano","Nasarawa","Dakata","Government Secondary School, Dakata","Male","disabled","WAEC","Polytechnic","76","75","44","12","12","0","1.4","1","31","32","0"
"2023/2024","North West","Kano","Nasarawa","Dakata","Unity College, Nasarawa","Female","all","NABTEB","College of Education","114","112","71","22","23","0","1.6","2","41","50","0"
"2023/2024","North West","Kano","Nasarawa","Dakata","Unity College, Nasarawa","Female","all","NECO","College of Education","170","167","104","38","32","6","1.6","3","63","67","6"
"2023/2024","North West","Kano","Nasarawa","Dakata","Unity College, Nasarawa","Female","all","WAEC","College of Education","250","246","150","46","43","3","1.6","4","96","105","3"
"2023/2024","North West","Kano","Nasarawa","Dakata","Unity College, Nasarawa","Female","disabled","NABTEB","College of Education","15","15","8","8","8","0","1.6","0","7","1","0"
"2023/2024","North West","Kano","Nasarawa","Dakata","Unity College, Nasarawa","Female","disabled","NECO","College of Education","15","15","8","0","0","0","1.6","0","8","8","0"
"2023/2024","North West","Kano","Nasarawa","Dakata","Unity College, Nasarawa","Female","disabled","WAEC","College of Education","19","19","10","5","5","0","1.6","0","9","5","0"
"2023/2024","North West","Kano","Nasarawa","Dakata","Unity College, Nasarawa","Male","all","NABTEB","College of Education","130","128","75","15","15","0","1.6","2","53","61","0"
"2023/2024","North West","Kano","Nasarawa","Dakata","Unity College, Nasarawa","Male","all","NECO","College of Education","219","216","143","45","39","6","1.6","3","73","99","6"
"2023/2024","North West","Kano","Nasarawa","Dakata","Unity College, Nasarawa","Male","all","WAEC","College of Education","291","287","169","41","37","4","1.6","4","118","129","4"
"2023/2024","North West","Kano","Nasarawa","Dakata","Unity College, Nasarawa","Male","disabled","NABTEB","College of Education","15","15","8","0","0","0","1.6","0","7","8","0"
"2023/2024","North West","Kano","Nasarawa","Dakata","Unity College, Nasarawa","Male","disabled","NECO","College of Education","19","19","11","6","6","0","1.6","0","8","6","0"
"2023/2024","North West","Kano","Nasarawa","Dakata","Unity College, Nasarawa","Male","disabled","WAEC","College of Education","23","23","14","0","0","0","1.6","0","9","14","0"
"2023/2024","North West","Kano","Nasarawa","Gama","Community Secondary School, Gama","Female","all","NABTEB","College of Education","103","101","62","22","23","0","1.6","2","39","41","0"
"2023/2024","North West","Kano","Nasarawa","Gama","Community Secondary School, Gama","Female","all","NECO","College of Education","157","155","92","32","26","6","1.6","2","63","61","6"
"2023/2024","North West","Kano","Nasarawa","Gama","Community Secondary School, Gama","Female","all","WAEC","College of Education","224","221","136","46","43","3","1.6","3","85","91","3"
"2023/2024","North West","Kano","Nasarawa","Gama","Community Secondary School, Gama","Female","disabled","NABTEB","College of Education","15","15","8","8","8","0","1.6","0","7","1","0"
"2023/2024","North West","Kano","Nasarawa","Gama","Community Secondary School, Gama","Female","disabled","NECO","College of Education","19","19","11","6","6","0","1.6","0","8","6","0"
"2023/2024","North West","Kano","Nasarawa","Gama","Community Secondary School, Gama","Female","disabled","WAEC","College of Education","24","24","14","6","6","0","1.6","0","10","9","0"
"2023/2024","North West","Kano","Nasarawa","Gama","Community Secondary School, Gama","Male","all","NABTEB","College of Education","94","93","57","22","23","0","1.6","1","36","36","0"
"2023/2024","North West","Kano","Nasarawa","Gama","Community Secondary School, Gama","Male","all","NECO","College of Education","149","147","88","26","19","7","1.6","2","59","63","7"
"2023/2024","North West","Kano","Nasarawa","Gama","Community Secondary School, Gama","Male","all","WAEC","College of Education","225","222","137","46","43","3","1.6","3","85","91","3"
"2023/2024","North West","Kano","Nasarawa","Gama","Community Secondary School, Gama","Male","disabled","NABTEB","College of Education","15","15","8","8","8","0","1.6","0","7","1","0"
"2023/2024","North West","Kano","Nasarawa","Gama","Community Secondary School, Gama","Male","disabled","NECO","College of Education","19","19","11","6","6","0","1.6","0","8","6","0"
"2023/2024","North West","Kano","Nasarawa","Gama","Community Secondary School, Gama","Male","disabled","WAEC","College of Education","24","24","14","6","6","0","1.6","0","10","9","0"
"2023/2024","North West","Kano","Nasarawa","Gama","Comprehensive High School, Gama","Female","all","NABTEB","College of Education","134","132","79","22","15","7","1.6","2","53","58","7"
"2023/2024","North West","Kano","Nasarawa","Gama","Comprehensive High School, Gama","Female","all","NECO","College of Education","246","242","148","51","45","6","1.6","4","94","97","6"
"2023/2024","North West","Kano","Nasarawa","Gama","Comprehensive High School, Gama","Female","all","WAEC","College of Education","364","359","207","70","62","8","1.6","5","152","137","8"
"2023/2024","North West","Kano","Nasarawa","Gama","Comprehensive High School, Gama","Female","disabled","NABTEB","College of Education","15","15","8","0","0","0","1.6","0","7","8","0"
"2023/2024","North West","Kano","Nasarawa","Gama","Comprehensive High School, Gama","Female","disabled","NECO","College of Education","19","19","11","6","6","0","1.6","0","8","6","0"
"2023/2024","North West","Kano","Nasarawa","Gama","Comprehensive High School, Gama","Female","disabled","WAEC","College of Education","28","28","14","6","6","0","1.6","0","14","9","0"
"2023/2024","North West","Kano","Nasarawa","Gama","Comprehensive High School, Gama","Male","all","NABTEB","College of Education","142","140","79","15","15","0","1.6","2","61","65","0"
"2023/2024","North West","Kano","Nasarawa","Gama","Comprehensive High School, Gama","Male","all","NECO","College of Education","278","274","158","45","39","6","1.6","4","116","114","6"
"2023/2024","North West","Kano","Nasarawa","Gama","Comprehensive High School, Gama","Male","all","WAEC","College of Education","389","383","220","58","50","8","1.6","6","163","162","8"
"2023/2024","North West","Kano","Nasarawa","Gama","Comprehensive High School, Gama","Male","disabled","NABTEB","College of Education","15","15","8","0","0","0","1.6","0","7","8","0"
"2023/2024","North West","Kano","Nasarawa","Gama","Comprehensive High School, Gama","Male","disabled","NECO","College of Education","23","23","11","0","0","0","1.6","0","12","11","0"
"2023/2024","North West","Kano","Nasarawa","Gama","Comprehensive High School, Gama","Male","disabled","WAEC","College of Education","32","32","17","0","0","0","1.6","0","15","17","0"
"2023/2024","North West","Kano","Nasarawa","Gama","Government Secondary School, Gama","Female","all","NABTEB","University","170","167","102","37","30","7","1.4","3","65","66","7"
"2023/2024","North West","Kano","Nasarawa","Gama","Government Secondary School, Gama","Female","all","NECO","University","325","320","202","77","65","12","1.3","5","118","125","12"
"2023/2024","North West","Kano","Nasarawa","Gama","Government Secondary School, Gama","Female","all","WAEC","University","449","442","287","104","93","11","1.3","7","155","184","11"
"2023/2024","North West","Kano","Nasarawa","Gama","Government Secondary School, Gama","Female","disabled","NABTEB","University","15","15","8","8","8","0","1.4","0","7","1","0"
"2023/2024","North West","Kano","Nasarawa","Gama","Government Secondary School, Gama","Female","disabled","NECO","University","27","27","15","6","6","0","1.3","0","12","9","0"
"2023/2024","North West","Kano","Nasarawa","Gama","Government Secondary School, Gama","Female","disabled","WAEC","University","42","41","25","6","6","0","1.3","1","16","20","0"
"2023/2024","North West","Kano","Nasarawa","Gama","Government Secondary School, Gama","Male","all","NABTEB","University","177","174","106","37","30","7","1.4","3","68","69","7"
"2023/2024","North West","Kano","Nasarawa","Gama","Government Secondary School, Gama","Male","all","NECO","University","286","282","178","58","52","6","1.3","4","104","121","6"
"2023/2024","North West","Kano","Nasarawa","Gama","Government Secondary School, Gama","Male","all","WAEC","University","382","376","236","81","74","7","1.3","6","140","155","7"
"2023/2024","North West","Kano","Nasarawa","Gama","Government Secondary School, Gama","Male","disabled","NABTEB","University","15","15","8","8","8","0","1.4","0","7","1","0"
"2023/2024","North West","Kano","Nasarawa","Gama","Government Secondary School, Gama","Male","disabled","NECO","University","27","27","15","6","6","0","1.3","0","12","9","0"
"2023/2024","North West","Kano","Nasarawa","Gama","Government Secondary School, Gama","Male","disabled","WAEC","University","37","36","21","6","6","0","1.3","1","15","15","0"
"2023/2024","North West","Kano","Nasarawa","Gama","Unity College, Nasarawa","Female","all","NABTEB","College of Education","98","97","66","22","23","0","1.6","1","31","45","0"
"2023/2024","North West","Kano","Nasarawa","Gama","Unity College, Nasarawa","Female","all","NECO","College of Education","183","180","115","45","39","6","1.6","3","65","71","6"
"2023/2024","North West","Kano","Nasarawa","Gama","Unity College, Nasarawa","Female","all","WAEC","College of Education","219","216","143","52","43","9","1.6","3","73","92","9"
"2023/2024","North West","Kano","Nasarawa","Gama","Unity College, Nasarawa","Female","disabled","NABTEB","College of Education","15","15","8","8","8","0","1.6","0","7","1","0"
"2023/2024","North West","Kano","Nasarawa","Gama","Unity College, Nasarawa","Female","disabled","NECO","College of Education","19","19","11","6","6","0","1.6","0","8","6","0"
"2023/2024","North West","Kano","Nasarawa","Gama","Unity College, Nasarawa","Female","disabled","WAEC","College of Education","24","24","14","6","6","0","1.6","0","10","9","0"
"2023/2024","North West","Kano","Nasarawa","Gama","Unity College, Nasarawa","Male","all","NABTEB","College of Education","98","97","57","22","23","0","1.6","1","40","36","0"
"2023/2024","North West","Kano","Nasarawa","Gama","Unity College, Nasarawa","Male","all","NECO","College of Education","191","188","119","38","32","6","1.6","3","69","82","6"
"2023/2024","North West","Kano","Nasarawa","Gama","Unity College, Nasarawa","Male","all","WAEC","College of Education","224","221","139","52","43","9","1.6","3","82","88","9"
"2023/2024","North West","Kano","Nasarawa","Gama","Unity College, Nasarawa","Male","disabled","NABTEB","College of Education","15","15","8","8","8","0","1.6","0","7","1","0"
"2023/2024","North West","Kano","Nasarawa","Gama","Unity College, Nasarawa","Male","disabled","NECO","College of Education","23","23","15","6","6","0","1.6","0","8","9","0"
"2023/2024","North West","Kano","Nasarawa","Gama","Unity College, Nasarawa","Male","disabled","WAEC","College of Education","23","23","14","6","6","0","1.6","0","9","8","0"
"2023/2024","North West","Kano","Nasarawa","Gawuna","Community Secondary School, Gawuna","Female","all","NABTEB","University","86","85","53","22","23","0","1.4","1","32","32","0"
"2023/2024","North West","Kano","Nasarawa","Gawuna","Community Secondary School, Gawuna","Female","all","NECO","University","150","148","93","38","32","6","1.3","2","55","55","6"
"2023/2024","North West","Kano","Nasarawa","Gawuna","Community Secondary School, Gawuna","Female","all","WAEC","University","177","174","117","45","43","3","1.3","3","57","71","3"
"2023/2024","North West","Kano","Nasarawa","Gawuna","Community Secondary School, Gawuna","Female","disabled","NABTEB","University","15","15","8","8","8","0","1.4","0","7","1","0"
"2023/2024","North West","Kano","Nasarawa","Gawuna","Community Secondary School, Gawuna","Female","disabled","NECO","University","15","15","11","6","6","0","1.3","0","4","6","0"
"2023/2024","North West","Kano","Nasarawa","Gawuna","Community Secondary School, Gawuna","Female","disabled","WAEC","University","19","19","14","5","5","0","1.3","0","5","8","0"
"2023/2024","North West","Kano","Nasarawa","Gawuna","Community Secondary School, Gawuna","Male","all","NABTEB","University","78","77","53","22","23","0","1.4","1","24","32","0"
"2023/2024","North West","Kano","Nasarawa","Gawuna","Community Secondary School, Gawuna","Male","all","NECO","University","133","131","89","38","32","6","1.3","2","42","51","6"
"2023/2024","North West","Kano","Nasarawa","Gawuna","Community Secondary School, Gawuna","Male","all","WAEC","University","173","170","106","41","37","4","1.3","3","64","66","4"
"2023/2024","North West","Kano","Nasarawa","Gawuna","Community Secondary School, Gawuna","Male","disabled","NABTEB","University","15","15","8","8","8","0","1.4","0","7","1","0"
"2023/2024","North West","Kano","Nasarawa","Gawuna","Community Secondary School, Gawuna","Male","disabled","NECO","University","15","15","11","6","7","0","1.3","0","4","6","0"
"2023/2024","North West","Kano","Nasarawa","Gawuna","Community Secondary School, Gawuna","Male","disabled","WAEC","University","19","19","10","5","5","0","1.3","0","9","5","0"
"2023/2024","North West","Kano","Nasarawa","Gawuna","Comprehensive High School, Gawuna","Female","all","NABTEB","Polytechnic","114","112","71","22","23","0","1.5","2","41","50","0"
"2023/2024","North West","Kano","Nasarawa","Gawuna","Comprehensive High School, Gawuna","Female","all","NECO","Polytechnic","212","209","136","51","45","6","1.4","3","73","85","6"
"2023/2024","North West","Kano","Nasarawa","Gawuna","Comprehensive High School, Gawuna","Female","all","WAEC","Polytechnic","262","258","173","52","50","2","1.4","4","85","122","2"
"2023/2024","North West","Kano","Nasarawa","Gawuna","Comprehensive High School, Gawuna","Female","disabled","NABTEB","Polytechnic","15","15","8","0","0","0","1.5","0","7","8","0"
"2023/2024","North West","Kano","Nasarawa","Gawuna","Comprehensive High School, Gawuna","Female","disabled","NECO","Polytechnic","27","27","15","6","7","0","1.4","0","12","9","0"
"2023/2024","North West","Kano","Nasarawa","Gawuna","Comprehensive High School, Gawuna","Female","disabled","WAEC","Polytechnic","32","32","21","6","6","0","1.4","0","11","16","0"
"2023/2024","North West","Kano","Nasarawa","Gawuna","Comprehensive High School, Gawuna","Male","all","NABTEB","Polytechnic","110","108","66","15","15","0","1.5","2","42","51","0"
"2023/2024","North West","Kano","Nasarawa","Gawuna","Comprehensive High School, Gawuna","Male","all","NECO","Polytechnic","211","208","131","38","32","6","1.4","3","77","94","6"
"2023/2024","North West","Kano","Nasarawa","Gawuna","Comprehensive High School, Gawuna","Male","all","WAEC","Polytechnic","266","262","165","52","50","2","1.4","4","97","114","2"
"2023/2024","North West","Kano","Nasarawa","Gawuna","Comprehensive High School, Gawuna","Male","disabled","NABTEB","Polytechnic","15","15","8","0","0","0","1.5","0","7","8","0"
"2023/2024","North West","Kano","Nasarawa","Gawuna","Comprehensive High School, Gawuna","Male","disabled","NECO","Polytechnic","27","27","15","6","7","0","1.4","0","12","9","0"
"2023/2024","North West","Kano","Nasarawa","Gawuna","Comprehensive High School, Gawuna","Male","disabled","WAEC","Polytechnic","32","32","17","6","6","0","1.4","0","15","12","0"
"2023/2024","North West","Kano","Nasarawa","Gawuna","Government Secondary School, Gawuna","Female","all","NABTEB","Polytechnic","193","190","120","30","23","7","1.5","3","70","90","7"
"2023/2024","North West","Kano","Nasarawa","Gawuna","Government Secondary School, Gawuna","Female","all","NECO","Polytechnic","321","316","182","64","52","12","1.4","5","134","118","12"
"2023/2024","North West","Kano","Nasarawa","Gawuna","Government Secondary School, Gawuna","Female","all","WAEC","Polytechnic","474","467","287","87","80","7","1.4","7","180","201","7"
"2023/2024","North West","Kano","Nasarawa","Gawuna","Government Secondary School, Gawuna","Female","disabled","NABTEB","Polytechnic","19","19","9","0","0","0","1.5","0","10","9","0"
"2023/2024","North West","Kano","Nasarawa","Gawuna","Government Secondary School, Gawuna","Female","disabled","NECO","Polytechnic","31","31","18","6","6","0","1.4","0","13","12","0"
"2023/2024","North West","Kano","Nasarawa","Gawuna","Government Secondary School, Gawuna","Female","disabled","WAEC","Polytechnic","46","45","25","6","6","0","1.4","1","20","20","0"
"2023/2024","North West","Kano","Nasarawa","Gawuna","Government Secondary School, Gawuna","Male","all","NABTEB","Polytechnic","213","210","129","30","23","7","1.5","3","81","100","7"
"2023/2024","North West","Kano","Nasarawa","Gawuna","Government Secondary School, Gawuna","Male","all","NECO","Polytechnic","346","341","210","51","39","12","1.4","5","131","159","12"
"2023/2024","North West","Kano","Nasarawa","Gawuna","Government Secondary School, Gawuna","Male","all","WAEC","Polytechnic","534","526","305","93","80","13","1.4","8","221","213","13"
"2023/2024","North West","Kano","Nasarawa","Gawuna","Government Secondary School, Gawuna","Male","disabled","NABTEB","Polytechnic","19","19","9","0","0","0","1.5","0","10","9","0"
"2023/2024","North West","Kano","Nasarawa","Gawuna","Government Secondary School, Gawuna","Male","disabled","NECO","Polytechnic","27","27","15","0","0","0","1.4","0","12","15","0"
"2023/2024","North West","Kano","Nasarawa","Gawuna","Government Secondary School, Gawuna","Male","disabled","WAEC","Polytechnic","46","45","25","6","6","0","1.4","1","20","20","0"
"2023/2024","North West","Kano","Nasarawa","Gawuna","Unity College, Nasarawa","Female","all","NABTEB","College of Education","160","158","93","30","23","7","1.6","2","65","63","7"
"2023/2024","North West","Kano","Nasarawa","Gawuna","Unity College, Nasarawa","Female","all","NECO","College of Education","290","286","189","64","52","12","1.6","4","97","126","12"
"2023/2024","North West","Kano","Nasarawa","Gawuna","Unity College, Nasarawa","Female","all","WAEC","College of Education","427","421","276","93","80","13","1.6","6","145","184","13"
"2023/2024","North West","Kano","Nasarawa","Gawuna","Unity College, Nasarawa","Female","disabled","NABTEB","College of Education","15","15","8","0","0","0","1.6","0","7","8","0"
"2023/2024","North West","Kano","Nasarawa","Gawuna","Unity College, Nasarawa","Female","disabled","NECO","College of Education","23","23","15","6","6","0","1.6","0","8","9","0"
"2023/2024","North West","Kano","Nasarawa","Gawuna","Unity College, Nasarawa","Female","disabled","WAEC","College of Education","37","36","21","6","6","0","1.6","1","15","15","0"
"2023/2024","North West","Kano","Nasarawa","Gawuna","Unity College, Nasarawa","Male","all","NABTEB","College of Education","197","194","124","37","30","7","1.6","3","70","87","7"
"2023/2024","North West","Kano","Nasarawa","Gawuna","Unity College, Nasarawa","Male","all","NECO","College of Education","361","356","228","70","58","12","1.6","5","128","159","12"
"2023/2024","North West","Kano","Nasarawa","Gawuna","Unity College, Nasarawa","Male","all","WAEC","College of Education","533","525","324","99","93","6","1.6","8","201","225","6"
"2023/2024","North West","Kano","Nasarawa","Gawuna","Unity College, Nasarawa","Male","disabled","NABTEB","College of Education","19","19","13","8","8","0","1.6","0","6","5","0"
"2023/2024","North West","Kano","Nasarawa","Gawuna","Unity College, Nasarawa","Male","disabled","NECO","College of Education","31","31","18","6","6","0","1.6","0","13","12","0"
"2023/2024","North West","Kano","Nasarawa","Gawuna","Unity College, Nasarawa","Male","disabled","WAEC","College of Education","46","45","25","6","6","0","1.6","1","20","20","0"
"2024/2025","North West","Kano","Dala","Adakawa","Community Secondary School, Adakawa","Female","all","NABTEB","University","212","189","139","44","25","7","1.2","23","50","95","19"
"2024/2025","North West","Kano","Dala","Adakawa","Community Secondary School, Adakawa","Female","all","NECO","University","394","350","264","82","47","14","1.2","44","86","182","35"
"2024/2025","North West","Kano","Dala","Adakawa","Community Secondary School, Adakawa","Female","all","WAEC","University","482","429","308","87","55","7","1.2","53","121","221","32"
"2024/2025","North West","Kano","Dala","Adakawa","Community Secondary School, Adakawa","Female","disabled","NABTEB","University","18","16","11","8","5","0","1.2","2","5","3","3"
"2024/2025","North West","Kano","Dala","Adakawa","Community Secondary School, Adakawa","Female","disabled","NECO","University","39","34","23","7","5","0","1.2","5","11","16","2"
"2024/2025","North West","Kano","Dala","Adakawa","Community Secondary School, Adakawa","Female","disabled","WAEC","University","50","44","31","6","4","0","1.2","6","13","25","2"
"2024/2025","North West","Kano","Dala","Adakawa","Community Secondary School, Adakawa","Male","all","NABTEB","University","221","197","139","35","18","8","1.2","24","58","104","17"
"2024/2025","North West","Kano","Dala","Adakawa","Community Secondary School, Adakawa","Male","all","NECO","University","394","350","250","59","36","6","1.2","44","100","191","23"
"2024/2025","North West","Kano","Dala","Adakawa","Community Secondary School, Adakawa","Male","all","WAEC","University","527","469","327","94","61","7","1.2","58","142","233","33"
"2024/2025","North West","Kano","Dala","Adakawa","Community Secondary School, Adakawa","Male","disabled","NABTEB","University","18","16","11","0","0","0","1.2","2","5","11","0"
"2024/2025","North West","Kano","Dala","Adakawa","Community Secondary School, Adakawa","Male","disabled","NECO","University","43","38","22","7","5","0","1.2","5","16","16","2"
"2024/2025","North West","Kano","Dala","Adakawa","Community Secondary School, Adakawa","Male","disabled","WAEC","University","54","48","34","6","4","0","1.2","6","14","28","2"
"2024/2025","North West","Kano","Dala","Adakawa","Comprehensive High School, Adakawa","Female","all","NABTEB","College of Education","85","76","56","17","11","0","1.5","9","20","39","6"
"2024/2025","North West","Kano","Dala","Adakawa","Comprehensive High School, Adakawa","Female","all","NECO","College of Education","128","114","86","30","14","7","1.4","14","28","56","16"
"2024/2025","North West","Kano","Dala","Adakawa","Comprehensive High School, Adakawa","Female","all","WAEC","College of Education","175","156","117","47","31","3","1.4","19","39","70","16"
"2024/2025","North West","Kano","Dala","Adakawa","Comprehensive High School, Adakawa","Female","disabled","NABTEB","College of Education","18","16","11","0","0","0","1.5","2","5","11","0"
"2024/2025","North West","Kano","Dala","Adakawa","Comprehensive High School, Adakawa","Female","disabled","NECO","College of Education","18","16","13","7","5","0","1.4","2","3","7","2"
"2024/2025","North West","Kano","Dala","Adakawa","Comprehensive High School, Adakawa","Female","disabled","WAEC","College of Education","19","17","13","6","4","0","1.4","2","4","7","2"
"2024/2025","North West","Kano","Dala","Adakawa","Comprehensive High School, Adakawa","Male","all","NABTEB","College of Education","98","87","66","26","18","0","1.5","11","21","40","8"
"2024/2025","North West","Kano","Dala","Adakawa","Comprehensive High School, Adakawa","Male","all","NECO","College of Education","142","126","90","30","14","7","1.4","16","36","60","16"
"2024/2025","North West","Kano","Dala","Adakawa","Comprehensive High School, Adakawa","Male","all","WAEC","College of Education","215","191","140","40","24","4","1.4","24","51","100","16"
"2024/2025","North West","Kano","Dala","Adakawa","Comprehensive High School, Adakawa","Male","disabled","NABTEB","College of Education","18","16","11","8","5","0","1.5","2","5","3","3"
"2024/2025","North West","Kano","Dala","Adakawa","Comprehensive High School, Adakawa","Male","disabled","NECO","College of Education","18","16","13","7","5","0","1.4","2","3","7","2"
"2024/2025","North West","Kano","Dala","Adakawa","Comprehensive High School, Adakawa","Male","disabled","WAEC","College of Education","22","20","12","5","4","0","1.4","2","8","6","2"
"2024/2025","North West","Kano","Dala","Adakawa","Government Secondary School, Adakawa","Female","all","NABTEB","College of Education","235","209","155","44","25","7","1.5","26","54","111","19"
"2024/2025","North West","Kano","Dala","Adakawa","Government Secondary School, Adakawa","Female","all","NECO","College of Education","415","368","288","97","57","14","1.4","47","80","191","40"
"2024/2025","North West","Kano","Dala","Adakawa","Government Secondary School, Adakawa","Female","all","WAEC","College of Education","521","464","348","121","74","14","1.4","57","116","226","48"
"2024/2025","North West","Kano","Dala","Adakawa","Government Secondary School, Adakawa","Female","disabled","NABTEB","College of Education","21","19","14","7","5","0","1.5","2","5","7","3"
"2024/2025","North West","Kano","Dala","Adakawa","Government Secondary School, Adakawa","Female","disabled","NECO","College of Education","49","43","33","7","5","0","1.4","6","10","26","2"
"2024/2025","North West","Kano","Dala","Adakawa","Government Secondary School, Adakawa","Female","disabled","WAEC","College of Education","63","56","40","13","10","0","1.4","7","16","27","3"
"2024/2025","North West","Kano","Dala","Adakawa","Government Secondary School, Adakawa","Male","all","NABTEB","College of Education","221","197","155","54","32","8","1.5","24","42","101","22"
"2024/2025","North West","Kano","Dala","Adakawa","Government Secondary School, Adakawa","Male","all","NECO","College of Education","418","372","278","97","57","14","1.4","46","94","182","40"
"2024/2025","North West","Kano","Dala","Adakawa","Government Secondary School, Adakawa","Male","all","WAEC","College of Education","542","483","348","122","74","14","1.4","59","135","227","48"
"2024/2025","North West","Kano","Dala","Adakawa","Government Secondary School, Adakawa","Male","disabled","NABTEB","College of Education","22","20","15","8","5","0","1.5","2","5","8","3"
"2024/2025","North West","Kano","Dala","Adakawa","Government Secondary School, Adakawa","Male","disabled","NECO","College of Education","49","43","29","7","5","0","1.4","6","14","22","2"
"2024/2025","North West","Kano","Dala","Adakawa","Government Secondary School, Adakawa","Male","disabled","WAEC","College of Education","64","57","40","13","10","0","1.4","7","17","28","3"
"2024/2025","North West","Kano","Dala","Adakawa","Unity College, Dala","Female","all","NABTEB","University","189","168","133","45","25","8","1.2","21","35","88","20"
"2024/2025","North West","Kano","Dala","Adakawa","Unity College, Dala","Female","all","NECO","University","359","319","250","82","47","14","1.2","40","69","168","35"
"2024/2025","North West","Kano","Dala","Adakawa","Unity College, Dala","Female","all","WAEC","University","518","461","330","122","74","14","1.2","57","131","209","48"
"2024/2025","North West","Kano","Dala","Adakawa","Unity College, Dala","Female","disabled","NABTEB","University","22","20","15","8","5","0","1.2","2","5","8","3"
"2024/2025","North West","Kano","Dala","Adakawa","Unity College, Dala","Female","disabled","NECO","University","49","43","33","7","5","0","1.2","6","10","26","2"
"2024/2025","North West","Kano","Dala","Adakawa","Unity College, Dala","Female","disabled","WAEC","University","64","57","40","13","10","0","1.2","7","17","28","3"
"2024/2025","North West","Kano","Dala","Adakawa","Unity College, Dala","Male","all","NABTEB","University","169","151","111","35","18","8","1.2","18","40","76","17"
"2024/2025","North West","Kano","Dala","Adakawa","Unity College, Dala","Male","all","NECO","University","340","302","225","67","41","6","1.2","38","77","158","26"
"2024/2025","North West","Kano","Dala","Adakawa","Unity College, Dala","Male","all","WAEC","University","537","478","358","115","70","14","1.2","59","120","243","45"
"2024/2025","North West","Kano","Dala","Adakawa","Unity College, Dala","Male","disabled","NABTEB","University","22","20","15","8","5","0","1.2","2","5","8","3"
"2024/2025","North West","Kano","Dala","Adakawa","Unity College, Dala","Male","disabled","NECO","University","43","38","22","7","5","0","1.2","5","16","16","2"
"2024/2025","North West","Kano","Dala","Adakawa","Unity College, Dala","Male","disabled","WAEC","University","64","57","40","13","10","0","1.2","7","17","28","3"
"2024/2025","North West","Kano","Dala","Bakin Ruwa","Community Secondary School, Bakin Ruwa","Female","all","NABTEB","College of Education","226","201","139","44","25","7","1.5","25","62","95","19"
"2024/2025","North West","Kano","Dala","Bakin Ruwa","Community Secondary School, Bakin Ruwa","Female","all","NECO","College of Education","407","363","253","89","52","14","1.4","44","110","165","37"
"2024/2025","North West","Kano","Dala","Bakin Ruwa","Community Secondary School, Bakin Ruwa","Female","all","WAEC","College of Education","583","519","371","122","81","6","1.4","64","148","250","41"
"2024/2025","North West","Kano","Dala","Bakin Ruwa","Community Secondary School, Bakin Ruwa","Female","disabled","NABTEB","College of Education","21","19","14","7","5","0","1.5","2","5","7","3"
"2024/2025","North West","Kano","Dala","Bakin Ruwa","Community Secondary School, Bakin Ruwa","Female","disabled","NECO","College of Education","44","39","29","7","5","0","1.4","5","10","22","2"
"2024/2025","North West","Kano","Dala","Bakin Ruwa","Community Secondary School, Bakin Ruwa","Female","disabled","WAEC","College of Education","53","47","34","12","10","0","1.4","6","13","21","3"
"2024/2025","North West","Kano","Dala","Bakin Ruwa","Community Secondary School, Bakin Ruwa","Male","all","NABTEB","College of Education","212","189","127","26","11","8","1.5","23","62","101","15"
"2024/2025","North West","Kano","Dala","Bakin Ruwa","Community Secondary School, Bakin Ruwa","Male","all","NECO","College of Education","389","346","264","89","52","14","1.4","43","82","175","37"
"2024/2025","North West","Kano","Dala","Bakin Ruwa","Community Secondary School, Bakin Ruwa","Male","all","WAEC","College of Education","517","460","327","100","65","7","1.4","57","133","227","35"
"2024/2025","North West","Kano","Dala","Bakin Ruwa","Community Secondary School, Bakin Ruwa","Male","disabled","NABTEB","College of Education","21","19","10","0","0","0","1.5","2","9","10","0"
"2024/2025","North West","Kano","Dala","Bakin Ruwa","Community Secondary School, Bakin Ruwa","Male","disabled","NECO","College of Education","39","34","23","7","5","0","1.4","5","11","16","2"
"2024/2025","North West","Kano","Dala","Bakin Ruwa","Community Secondary School, Bakin Ruwa","Male","disabled","WAEC","College of Education","60","53","35","6","4","0","1.4","7","18","29","2"
"2024/2025","North West","Kano","Dala","Bakin Ruwa","Comprehensive High School, Bakin Ruwa","Female","all","NABTEB","College of Education","117","104","81","35","18","8","1.5","13","23","47","17"
"2024/2025","North West","Kano","Dala","Bakin Ruwa","Comprehensive High School, Bakin Ruwa","Female","all","NECO","College of Education","222","198","153","59","36","6","1.4","24","45","94","23"
"2024/2025","North West","Kano","Dala","Bakin Ruwa","Comprehensive High School, Bakin Ruwa","Female","all","WAEC","College of Education","316","281","222","94","61","7","1.4","35","59","128","33"
"2024/2025","North West","Kano","Dala","Bakin Ruwa","Comprehensive High School, Bakin Ruwa","Female","disabled","NABTEB","College of Education","17","15","10","8","5","0","1.5","2","5","3","3"
"2024/2025","North West","Kano","Dala","Bakin Ruwa","Comprehensive High School, Bakin Ruwa","Female","disabled","NECO","College of Education","32","29","18","7","5","0","1.4","3","11","11","2"
"2024/2025","North West","Kano","Dala","Bakin Ruwa","Comprehensive High School, Bakin Ruwa","Female","disabled","WAEC","College of Education","40","35","26","6","4","0","1.4","5","9","20","2"
"2024/2025","North West","Kano","Dala","Bakin Ruwa","Comprehensive High School, Bakin Ruwa","Male","all","NABTEB","College of Education","137","122","94","35","18","8","1.5","15","28","59","17"
"2024/2025","North West","Kano","Dala","Bakin Ruwa","Comprehensive High School, Bakin Ruwa","Male","all","NECO","College of Education","266","236","178","67","41","6","1.4","30","58","111","26"
"2024/2025","North West","Kano","Dala","Bakin Ruwa","Comprehensive High School, Bakin Ruwa","Male","all","WAEC","College of Education","371","330","258","87","55","7","1.4","41","72","171","32"
"2024/2025","North West","Kano","Dala","Bakin Ruwa","Comprehensive High School, Bakin Ruwa","Male","disabled","NABTEB","College of Education","17","15","10","8","5","0","1.5","2","5","3","3"
"2024/2025","North West","Kano","Dala","Bakin Ruwa","Comprehensive High School, Bakin Ruwa","Male","disabled","NECO","College of Education","39","34","23","7","5","0","1.4","5","11","16","2"
"2024/2025","North West","Kano","Dala","Bakin Ruwa","Comprehensive High School, Bakin Ruwa","Male","disabled","WAEC","College of Education","50","44","31","6","4","0","1.4","6","13","25","2"
"2024/2025","North West","Kano","Dala","Bakin Ruwa","Government Secondary School, Bakin Ruwa","Female","all","NABTEB","College of Education","164","146","122","54","32","8","1.5","18","24","68","22"
"2024/2025","North West","Kano","Dala","Bakin Ruwa","Government Secondary School, Bakin Ruwa","Female","all","NECO","College of Education","310","276","216","75","41","14","1.4","34","60","141","34"
"2024/2025","North West","Kano","Dala","Bakin Ruwa","Government Secondary School, Bakin Ruwa","Female","all","WAEC","College of Education","462","411","308","122","74","14","1.4","51","103","186","48"
"2024/2025","North West","Kano","Dala","Bakin Ruwa","Government Secondary School, Bakin Ruwa","Female","disabled","NABTEB","College of Education","17","15","10","8","5","0","1.5","2","5","3","3"
"2024/2025","North West","Kano","Dala","Bakin Ruwa","Government Secondary School, Bakin Ruwa","Female","disabled","NECO","College of Education","28","25","19","7","5","0","1.4","3","6","12","2"
"2024/2025","North West","Kano","Dala","Bakin Ruwa","Government Secondary School, Bakin Ruwa","Female","disabled","WAEC","College of Education","40","35","26","6","4","0","1.4","5","9","20","2"
"2024/2025","North West","Kano","Dala","Bakin Ruwa","Government Secondary School, Bakin Ruwa","Male","all","NABTEB","College of Education","183","163","127","44","25","7","1.5","20","36","83","19"
"2024/2025","North West","Kano","Dala","Bakin Ruwa","Government Secondary School, Bakin Ruwa","Male","all","NECO","College of Education","340","302","239","82","47","14","1.4","38","63","157","35"
"2024/2025","North West","Kano","Dala","Bakin Ruwa","Government Secondary School, Bakin Ruwa","Male","all","WAEC","College of Education","532","474","362","135","85","13","1.4","58","112","228","50"
"2024/2025","North West","Kano","Dala","Bakin Ruwa","Government Secondary School, Bakin Ruwa","Male","disabled","NABTEB","College of Education","17","15","10","8","5","0","1.5","2","5","3","3"
"2024/2025","North West","Kano","Dala","Bakin Ruwa","Government Secondary School, Bakin Ruwa","Male","disabled","NECO","College of Education","28","25","19","7","5","0","1.4","3","6","12","2"
"2024/2025","North West","Kano","Dala","Bakin Ruwa","Government Secondary School, Bakin Ruwa","Male","disabled","WAEC","College of Education","50","44","31","6","4","0","1.4","6","13","25","2"
"2024/2025","North West","Kano","Dala","Bakin Ruwa","Unity College, Dala","Female","all","NABTEB","University","89","79","56","26","18","0","1.2","10","23","30","8"
"2024/2025","North West","Kano","Dala","Bakin Ruwa","Unity College, Dala","Female","all","NECO","University","187","166","129","52","31","7","1.2","21","37","78","21"
"2024/2025","North West","Kano","Dala","Bakin Ruwa","Unity College, Dala","Female","all","WAEC","University","236","210","159","60","35","10","1.2","26","51","99","25"
"2024/2025","North West","Kano","Dala","Bakin Ruwa","Unity College, Dala","Female","disabled","NABTEB","University","17","15","10","8","5","0","1.2","2","5","3","3"
"2024/2025","North West","Kano","Dala","Bakin Ruwa","Unity College, Dala","Female","disabled","NECO","University","22","20","13","6","5","0","1.2","2","7","6","2"
"2024/2025","North West","Kano","Dala","Bakin Ruwa","Unity College, Dala","Female","disabled","WAEC","University","32","29","21","6","4","0","1.2","3","8","15","2"
"2024/2025","North West","Kano","Dala","Bakin Ruwa","Unity College, Dala","Male","all","NABTEB","University","93","83","65","26","18","0","1.2","10","18","40","8"
"2024/2025","North West","Kano","Dala","Bakin Ruwa","Unity College, Dala","Male","all","NECO","University","172","153","119","44","25","6","1.2","19","34","75","19"
"2024/2025","North West","Kano","Dala","Bakin Ruwa","Unity College, Dala","Male","all","WAEC","University","235","209","158","47","31","3","1.2","26","51","111","16"
"2024/2025","North West","Kano","Dala","Bakin Ruwa","Unity College, Dala","Male","disabled","NABTEB","University","17","15","10","8","5","0","1.2","2","5","3","3"
"2024/2025","North West","Kano","Dala","Bakin Ruwa","Unity College, Dala","Male","disabled","NECO","University","18","16","13","7","5","0","1.2","2","3","7","2"
"2024/2025","North West","Kano","Dala","Bakin Ruwa","Unity College, Dala","Male","disabled","WAEC","University","34","31","22","6","4","0","1.2","3","9","16","2"
"2024/2025","North West","Kano","Dala","Dala","Community Secondary School, Dala","Female","all","NABTEB","Polytechnic","173","154","105","26","11","8","1.4","19","49","79","15"
"2024/2025","North West","Kano","Dala","Dala","Community Secondary School, Dala","Female","all","NECO","Polytechnic","333","297","205","59","36","6","1.3","36","92","147","23"
"2024/2025","North West","Kano","Dala","Dala","Community Secondary School, Dala","Female","all","WAEC","Polytechnic","412","366","254","74","50","2","1.3","46","112","180","24"
"2024/2025","North West","Kano","Dala","Dala","Community Secondary School, Dala","Female","disabled","NABTEB","Polytechnic","17","15","10","0","0","0","1.4","2","5","10","0"
"2024/2025","North West","Kano","Dala","Dala","Community Secondary School, Dala","Female","disabled","NECO","Polytechnic","39","34","19","7","5","0","1.3","5","15","12","2"
"2024/2025","North West","Kano","Dala","Dala","Community Secondary School, Dala","Female","disabled","WAEC","Polytechnic","43","38","25","6","4","0","1.3","5","13","19","2"
"2024/2025","North West","Kano","Dala","Dala","Community Secondary School, Dala","Male","all","NABTEB","Polytechnic","183","163","122","26","18","0","1.4","20","41","96","8"
"2024/2025","North West","Kano","Dala","Dala","Community Secondary School, Dala","Male","all","NECO","Polytechnic","344","306","215","52","31","7","1.3","38","91","163","21"
"2024/2025","North West","Kano","Dala","Dala","Community Secondary School, Dala","Male","all","WAEC","Polytechnic","447","398","280","80","50","8","1.3","49","118","200","30"
"2024/2025","North West","Kano","Dala","Dala","Community Secondary School, Dala","Male","disabled","NABTEB","Polytechnic","17","15","10","0","0","0","1.4","2","5","10","0"
"2024/2025","North West","Kano","Dala","Dala","Community Secondary School, Dala","Male","disabled","NECO","Polytechnic","39","34","23","7","5","0","1.3","5","11","16","2"
"2024/2025","North West","Kano","Dala","Dala","Community Secondary School, Dala","Male","disabled","WAEC","Polytechnic","45","40","26","6","4","0","1.3","5","14","20","2"
"2024/2025","North West","Kano","Dala","Dala","Comprehensive High School, Dala","Female","all","NABTEB","College of Education","113","100","71","17","11","0","1.5","13","29","54","6"
"2024/2025","North West","Kano","Dala","Dala","Comprehensive High School, Dala","Female","all","NECO","College of Education","188","167","119","37","21","6","1.4","21","48","82","16"
"2024/2025","North West","Kano","Dala","Dala","Comprehensive High School, Dala","Female","all","WAEC","College of Education","250","223","162","60","39","3","1.4","27","61","103","21"
"2024/2025","North West","Kano","Dala","Dala","Comprehensive High School, Dala","Female","disabled","NABTEB","College of Education","17","15","10","0","0","0","1.5","2","5","10","0"
"2024/2025","North West","Kano","Dala","Dala","Comprehensive High School, Dala","Female","disabled","NECO","College of Education","18","16","9","7","5","0","1.4","2","7","3","2"
"2024/2025","North West","Kano","Dala","Dala","Comprehensive High School, Dala","Female","disabled","WAEC","College of Education","23","21","12","6","4","0","1.4","2","9","7","2"
"2024/2025","North West","Kano","Dala","Dala","Comprehensive High School, Dala","Male","all","NABTEB","College of Education","141","125","88","17","11","0","1.5","16","37","71","6"
"2024/2025","North West","Kano","Dala","Dala","Comprehensive High School, Dala","Male","all","NECO","College of Education","241","215","149","44","25","6","1.4","26","66","105","19"
"2024/2025","North West","Kano","Dala","Dala","Comprehensive High School, Dala","Male","all","WAEC","College of Education","300","267","185","60","35","10","1.4","33","82","125","25"
"2024/2025","North West","Kano","Dala","Dala","Comprehensive High School, Dala","Male","disabled","NABTEB","College of Education","17","15","10","0","0","0","1.5","2","5","10","0"
"2024/2025","North West","Kano","Dala","Dala","Comprehensive High School, Dala","Male","disabled","NECO","College of Education","22","20","13","6","5","0","1.4","2","7","6","2"
"2024/2025","North West","Kano","Dala","Dala","Comprehensive High School, Dala","Male","disabled","WAEC","College of Education","29","26","17","6","4","0","1.4","3","9","11","2"
"2024/2025","North West","Kano","Dala","Dala","Government Secondary School, Dala","Female","all","NABTEB","University","159","142","98","35","18","8","1.2","17","44","64","17"
"2024/2025","North West","Kano","Dala","Dala","Government Secondary School, Dala","Female","all","NECO","University","304","271","205","59","36","6","1.2","33","66","146","23"
"2024/2025","North West","Kano","Dala","Dala","Government Secondary School, Dala","Female","all","WAEC","University","382","340","254","74","44","8","1.2","42","86","180","30"
"2024/2025","North West","Kano","Dala","Dala","Government Secondary School, Dala","Female","disabled","NABTEB","University","17","15","10","8","5","0","1.2","2","5","3","3"
"2024/2025","North West","Kano","Dala","Dala","Government Secondary School, Dala","Female","disabled","NECO","University","39","34","23","7","5","0","1.2","5","11","16","2"
"2024/2025","North West","Kano","Dala","Dala","Government Secondary School, Dala","Female","disabled","WAEC","University","45","40","26","6","4","0","1.2","5","14","20","2"
"2024/2025","North West","Kano","Dala","Dala","Government Secondary School, Dala","Male","all","NABTEB","University","208","185","144","45","25","8","1.2","23","41","99","20"
"2024/2025","North West","Kano","Dala","Dala","Government Secondary School, Dala","Male","all","NECO","University","359","319","235","67","41","6","1.2","40","84","168","26"
"2024/2025","North West","Kano","Dala","Dala","Government Secondary School, Dala","Male","all","WAEC","University","468","417","312","100","65","7","1.2","51","105","212","35"
"2024/2025","North West","Kano","Dala","Dala","Government Secondary School, Dala","Male","disabled","NABTEB","University","26","23","15","8","5","0","1.2","3","8","8","3"
"2024/2025","North West","Kano","Dala","Dala","Government Secondary School, Dala","Male","disabled","NECO","University","44","39","29","7","5","0","1.2","5","10","22","2"
"2024/2025","North West","Kano","Dala","Dala","Government Secondary School, Dala","Male","disabled","WAEC","University","60","53","35","6","4","0","1.2","7","18","29","2"
"2024/2025","North West","Kano","Dala","Dala","Unity College, Dala","Female","all","NABTEB","University","137","122","94","35","25","0","1.2","15","28","59","10"
"2024/2025","North West","Kano","Dala","Dala","Unity College, Dala","Female","all","NECO","University","295","263","206","75","41","14","1.2","32","57","131","34"
"2024/2025","North West","Kano","Dala","Dala","Unity College, Dala","Female","all","WAEC","University","422","375","285","115","74","7","1.2","47","90","170","41"
"2024/2025","North West","Kano","Dala","Dala","Unity College, Dala","Female","disabled","NABTEB","University","17","15","10","8","5","0","1.2","2","5","3","3"
"2024/2025","North West","Kano","Dala","Dala","Unity College, Dala","Female","disabled","NECO","University","39","34","23","7","5","0","1.2","5","11","16","2"
"2024/2025","North West","Kano","Dala","Dala","Unity College, Dala","Female","disabled","WAEC","University","54","48","34","13","10","0","1.2","6","14","22","3"
"2024/2025","North West","Kano","Dala","Dala","Unity College, Dala","Male","all","NABTEB","University","193","171","139","45","25","8","1.2","22","32","94","20"
"2024/2025","North West","Kano","Dala","Dala","Unity College, Dala","Male","all","NECO","University","344","306","219","75","47","6","1.2","38","87","145","28"
"2024/2025","North West","Kano","Dala","Dala","Unity College, Dala","Male","all","WAEC","University","532","474","335","122","74","14","1.2","58","139","214","48"
"2024/2025","North West","Kano","Dala","Dala","Unity College, Dala","Male","disabled","NABTEB","University","21","19","14","7","5","0","1.2","2","5","7","3"
"2024/2025","North West","Kano","Dala","Dala","Unity College, Dala","Male","disabled","NECO","University","49","43","29","7","5","0","1.2","6","14","22","2"
"2024/2025","North West","Kano","Dala","Dala","Unity College, Dala","Male","disabled","WAEC","University","65","58","41","13","10","0","1.2","7","17","28","3"
"2024/2025","North West","Kano","Fagge","Fagge A","Community Secondary School, Fagge A","Female","all","NABTEB","College of Education","193","171","116","35","18","7","1.5","22","55","81","17"
"2024/2025","North West","Kano","Fagge","Fagge A","Community Secondary School, Fagge A","Female","all","NECO","College of Education","289","257","186","59","36","6","1.4","32","71","127","23"
"2024/2025","North West","Kano","Fagge","Fagge A","Community Secondary School, Fagge A","Female","all","WAEC","College of Education","391","348","254","74","44","8","1.4","43","94","180","30"
"2024/2025","North West","Kano","Fagge","Fagge A","Community Secondary School, Fagge A","Female","disabled","NABTEB","College of Education","21","19","10","0","0","0","1.5","2","9","10","0"
"2024/2025","North West","Kano","Fagge","Fagge A","Community Secondary School, Fagge A","Female","disabled","NECO","College of Education","39","34","23","7","5","0","1.4","5","11","16","2"
"2024/2025","North West","Kano","Fagge","Fagge A","Community Secondary School, Fagge A","Female","disabled","WAEC","College of Education","50","44","31","6","4","0","1.4","6","13","25","2"
"2024/2025","North West","Kano","Fagge","Fagge A","Community Secondary School, Fagge A","Male","all","NABTEB","College of Education","198","176","122","26","11","8","1.5","22","54","96","15"
"2024/2025","North West","Kano","Fagge","Fagge A","Community Secondary School, Fagge A","Male","all","NECO","College of Education","319","284","191","59","36","6","1.4","35","93","132","23"
"2024/2025","North West","Kano","Fagge","Fagge A","Community Secondary School, Fagge A","Male","all","WAEC","College of Education","436","388","253","74","44","8","1.4","48","135","179","30"
"2024/2025","North West","Kano","Fagge","Fagge A","Community Secondary School, Fagge A","Male","disabled","NABTEB","College of Education","21","19","10","0","0","0","1.5","2","9","10","0"
"2024/2025","North West","Kano","Fagge","Fagge A","Community Secondary School, Fagge A","Male","disabled","NECO","College of Education","39","34","19","7","5","0","1.4","5","15","12","2"
"2024/2025","North West","Kano","Fagge","Fagge A","Community Secondary School, Fagge A","Male","disabled","WAEC","College of Education","50","44","26","6","4","0","1.4","6","18","20","2"
"2024/2025","North West","Kano","Fagge","Fagge A","Comprehensive High School, Fagge A","Female","all","NABTEB","Polytechnic","89","79","56","26","18","0","1.4","10","23","30","8"
"2024/2025","North West","Kano","Fagge","Fagge A","Comprehensive High School, Fagge A","Female","all","NECO","Polytechnic","152","135","111","44","25","6","1.3","17","24","67","19"
"2024/2025","North West","Kano","Fagge","Fagge A","Comprehensive High School, Fagge A","Female","all","WAEC","Polytechnic","210","187","140","53","35","3","1.3","23","47","88","18"
"2024/2025","North West","Kano","Fagge","Fagge A","Comprehensive High School, Fagge A","Female","disabled","NABTEB","Polytechnic","17","15","10","8","5","0","1.4","2","5","3","3"
"2024/2025","North West","Kano","Fagge","Fagge A","Comprehensive High School, Fagge A","Female","disabled","NECO","Polytechnic","18","16","13","7","5","0","1.3","2","3","7","2"
"2024/2025","North West","Kano","Fagge","Fagge A","Comprehensive High School, Fagge A","Female","disabled","WAEC","Polytechnic","18","16","12","6","4","0","1.3","2","4","7","2"
"2024/2025","North West","Kano","Fagge","Fagge A","Comprehensive High School, Fagge A","Male","all","NABTEB","Polytechnic","98","87","66","17","11","0","1.4","11","21","49","6"
"2024/2025","North West","Kano","Fagge","Fagge A","Comprehensive High School, Fagge A","Male","all","NECO","Polytechnic","188","167","124","44","25","6","1.3","21","43","80","19"
"2024/2025","North West","Kano","Fagge","Fagge A","Comprehensive High School, Fagge A","Male","all","WAEC","Polytechnic","246","219","168","60","39","3","1.3","27","51","108","21"
"2024/2025","North West","Kano","Fagge","Fagge A","Comprehensive High School, Fagge A","Male","disabled","NABTEB","Polytechnic","17","15","10","0","0","0","1.4","2","5","10","0"
"2024/2025","North West","Kano","Fagge","Fagge A","Comprehensive High School, Fagge A","Male","disabled","NECO","Polytechnic","18","16","13","7","5","0","1.3","2","3","7","2"
"2024/2025","North West","Kano","Fagge","Fagge A","Comprehensive High School, Fagge A","Male","disabled","WAEC","Polytechnic","19","17","13","6","4","0","1.3","2","4","7","2"
"2024/2025","North West","Kano","Fagge","Fagge A","Government Secondary School, Fagge A","Female","all","NABTEB","University","230","205","154","63","37","8","1.2","25","51","92","26"
"2024/2025","North West","Kano","Fagge","Fagge A","Government Secondary School, Fagge A","Female","all","NECO","University","433","385","288","97","57","14","1.2","48","97","191","40"
"2024/2025","North West","Kano","Fagge","Fagge A","Government Secondary School, Fagge A","Female","all","WAEC","University","563","501","384","142","91","13","1.2","62","117","243","51"
"2024/2025","North West","Kano","Fagge","Fagge A","Government Secondary School, Fagge A","Female","disabled","NABTEB","University","27","24","16","8","5","0","1.2","3","8","8","3"
"2024/2025","North West","Kano","Fagge","Fagge A","Government Secondary School, Fagge A","Female","disabled","NECO","University","53","47","32","7","5","0","1.2","6","15","25","2"
"2024/2025","North West","Kano","Fagge","Fagge A","Government Secondary School, Fagge A","Female","disabled","WAEC","University","65","58","41","13","10","0","1.2","7","17","28","3"
"2024/2025","North West","Kano","Fagge","Fagge A","Government Secondary School, Fagge A","Male","all","NABTEB","University","208","185","139","54","32","8","1.2","23","46","85","22"
"2024/2025","North West","Kano","Fagge","Fagge A","Government Secondary School, Fagge A","Male","all","NECO","University","448","399","292","89","52","14","1.2","49","107","203","37"
"2024/2025","North West","Kano","Fagge","Fagge A","Government Secondary School, Fagge A","Male","all","WAEC","University","553","493","367","122","81","6","1.2","60","126","245","41"
"2024/2025","North West","Kano","Fagge","Fagge A","Government Secondary School, Fagge A","Male","disabled","NABTEB","University","21","19","14","7","5","0","1.2","2","5","7","3"
"2024/2025","North West","Kano","Fagge","Fagge A","Government Secondary School, Fagge A","Male","disabled","NECO","University","49","43","33","7","5","0","1.2","6","10","26","2"
"2024/2025","North West","Kano","Fagge","Fagge A","Government Secondary School, Fagge A","Male","disabled","WAEC","University","64","57","44","13","10","0","1.2","7","13","31","3"
"2024/2025","North West","Kano","Fagge","Fagge A","Unity College, Fagge","Female","all","NABTEB","University","159","142","98","35","18","8","1.2","17","44","64","17"
"2024/2025","North West","Kano","Fagge","Fagge A","Unity College, Fagge","Female","all","NECO","University","286","254","187","59","36","6","1.2","32","67","128","23"
"2024/2025","North West","Kano","Fagge","Fagge A","Unity College, Fagge","Female","all","WAEC","University","467","416","302","107","65","14","1.2","51","114","196","42"
"2024/2025","North West","Kano","Fagge","Fagge A","Unity College, Fagge","Female","disabled","NABTEB","University","17","15","10","8","5","0","1.2","2","5","3","3"
"2024/2025","North West","Kano","Fagge","Fagge A","Unity College, Fagge","Female","disabled","NECO","University","32","29","22","7","5","0","1.2","3","7","15","2"
"2024/2025","North West","Kano","Fagge","Fagge A","Unity College, Fagge","Female","disabled","WAEC","University","60","53","35","6","4","0","1.2","7","18","29","2"
"2024/2025","North West","Kano","Fagge","Fagge A","Unity College, Fagge","Male","all","NABTEB","University","150","133","94","26","11","8","1.2","17","39","68","15"
"2024/2025","North West","Kano","Fagge","Fagge A","Unity College, Fagge","Male","all","NECO","University","285","253","181","52","31","7","1.2","32","72","129","21"
"2024/2025","North West","Kano","Fagge","Fagge A","Unity College, Fagge","Male","all","WAEC","University","452","402","303","94","61","7","1.2","50","99","209","33"
"2024/2025","North West","Kano","Fagge","Fagge A","Unity College, Fagge","Male","disabled","NABTEB","University","17","15","10","0","0","0","1.2","2","5","10","0"
"2024/2025","North West","Kano","Fagge","Fagge A","Unity College, Fagge","Male","disabled","NECO","University","39","34","23","0","0","0","1.2","5","11","23","0"
"2024/2025","North West","Kano","Fagge","Fagge A","Unity College, Fagge","Male","disabled","WAEC","University","65","58","41","13","10","0","1.2","7","17","28","3"
"2024/2025","North West","Kano","Fagge","Fagge B","Community Secondary School, Fagge B","Female","all","NABTEB","Polytechnic","164","146","111","35","18","7","1.4","18","35","76","17"
"2024/2025","North West","Kano","Fagge","Fagge B","Community Secondary School, Fagge B","Female","all","NECO","Polytechnic","286","254","191","59","36","6","1.3","32","63","132","23"
"2024/2025","North West","Kano","Fagge","Fagge B","Community Secondary School, Fagge B","Female","all","WAEC","Polytechnic","396","353","253","80","50","8","1.3","43","100","174","30"
"2024/2025","North West","Kano","Fagge","Fagge B","Community Secondary School, Fagge B","Female","disabled","NABTEB","Polytechnic","17","15","10","8","5","0","1.4","2","5","3","3"
"2024/2025","North West","Kano","Fagge","Fagge B","Community Secondary School, Fagge B","Female","disabled","NECO","Polytechnic","32","29","22","7","5","0","1.3","3","7","15","2"
"2024/2025","North West","Kano","Fagge","Fagge B","Community Secondary School, Fagge B","Female","disabled","WAEC","Polytechnic","44","39","25","6","5","0","1.3","5","14","20","1"
"2024/2025","North West","Kano","Fagge","Fagge B","Community Secondary School, Fagge B","Male","all","NABTEB","Polytechnic","183","163","122","35","18","7","1.4","20","41","87","17"
"2024/2025","North West","Kano","Fagge","Fagge B","Community Secondary School, Fagge B","Male","all","NECO","Polytechnic","340","302","220","59","36","6","1.3","38","82","161","23"
"2024/2025","North West","Kano","Fagge","Fagge B","Community Secondary School, Fagge B","Male","all","WAEC","Polytechnic","457","407","280","87","55","7","1.3","50","127","194","32"
"2024/2025","North West","Kano","Fagge","Fagge B","Community Secondary School, Fagge B","Male","disabled","NABTEB","Polytechnic","21","19","10","0","0","0","1.4","2","9","10","0"
"2024/2025","North West","Kano","Fagge","Fagge B","Community Secondary School, Fagge B","Male","disabled","NECO","Polytechnic","39","34","23","7","5","0","1.3","5","11","16","2"
"2024/2025","North West","Kano","Fagge","Fagge B","Community Secondary School, Fagge B","Male","disabled","WAEC","Polytechnic","49","43","25","6","5","0","1.3","6","18","20","1"
"2024/2025","North West","Kano","Fagge","Fagge B","Comprehensive High School, Fagge B","Female","all","NABTEB","College of Education","102","91","71","26","18","0","1.5","11","20","45","8"
"2024/2025","North West","Kano","Fagge","Fagge B","Comprehensive High School, Fagge B","Female","all","NECO","College of Education","167","149","115","52","31","7","1.4","18","34","63","21"
"2024/2025","North West","Kano","Fagge","Fagge B","Comprehensive High School, Fagge B","Female","all","WAEC","College of Education","235","209","162","60","39","3","1.4","26","47","103","21"
"2024/2025","North West","Kano","Fagge","Fagge B","Comprehensive High School, Fagge B","Female","disabled","NABTEB","College of Education","18","16","11","8","5","0","1.5","2","5","3","3"
"2024/2025","North West","Kano","Fagge","Fagge B","Comprehensive High School, Fagge B","Female","disabled","NECO","College of Education","18","16","13","7","5","0","1.4","2","3","7","2"
"2024/2025","North West","Kano","Fagge","Fagge B","Comprehensive High School, Fagge B","Female","disabled","WAEC","College of Education","29","26","17","6","4","0","1.4","3","9","11","2"
"2024/2025","North West","Kano","Fagge","Fagge B","Comprehensive High School, Fagge B","Male","all","NABTEB","College of Education","108","96","77","26","18","0","1.5","12","19","51","8"
"2024/2025","North West","Kano","Fagge","Fagge B","Comprehensive High School, Fagge B","Male","all","NECO","College of Education","211","188","138","52","31","7","1.4","23","50","87","21"
"2024/2025","North West","Kano","Fagge","Fagge B","Comprehensive High School, Fagge B","Male","all","WAEC","College of Education","296","263","199","67","44","2","1.4","33","64","132","23"
"2024/2025","North West","Kano","Fagge","Fagge B","Comprehensive High School, Fagge B","Male","disabled","NABTEB","College of Education","17","15","10","8","5","0","1.5","2","5","3","3"
"2024/2025","North West","Kano","Fagge","Fagge B","Comprehensive High School, Fagge B","Male","disabled","NECO","College of Education","22","20","13","6","5","0","1.4","2","7","6","2"
"2024/2025","North West","Kano","Fagge","Fagge B","Comprehensive High School, Fagge B","Male","disabled","WAEC","College of Education","34","31","22","6","4","0","1.4","3","9","16","2"
"2024/2025","North West","Kano","Fagge","Fagge B","Government Secondary School, Fagge B","Female","all","NABTEB","Polytechnic","137","122","88","17","11","0","1.4","15","34","71","6"
"2024/2025","North West","Kano","Fagge","Fagge B","Government Secondary School, Fagge B","Female","all","NECO","Polytechnic","221","197","143","30","14","7","1.3","24","54","113","16"
"2024/2025","North West","Kano","Fagge","Fagge B","Government Secondary School, Fagge B","Female","all","WAEC","Polytechnic","330","294","198","53","35","3","1.3","36","96","145","18"
"2024/2025","North West","Kano","Fagge","Fagge B","Government Secondary School, Fagge B","Female","disabled","NABTEB","Polytechnic","18","16","11","0","0","0","1.4","2","5","11","0"
"2024/2025","North West","Kano","Fagge","Fagge B","Government Secondary School, Fagge B","Female","disabled","NECO","Polytechnic","22","20","13","0","0","0","1.3","2","7","13","0"
"2024/2025","North West","Kano","Fagge","Fagge B","Government Secondary School, Fagge B","Female","disabled","WAEC","Polytechnic","29","26","17","6","5","0","1.3","3","9","11","1"
"2024/2025","North West","Kano","Fagge","Fagge B","Government Secondary School, Fagge B","Male","all","NABTEB","Polytechnic","118","105","71","17","11","0","1.4","13","34","54","6"
"2024/2025","North West","Kano","Fagge","Fagge B","Government Secondary School, Fagge B","Male","all","NECO","Polytechnic","226","201","144","37","21","6","1.3","25","57","107","16"
"2024/2025","North West","Kano","Fagge","Fagge B","Government Secondary School, Fagge B","Male","all","WAEC","Polytechnic","286","254","172","47","31","3","1.3","32","82","125","16"
"2024/2025","North West","Kano","Fagge","Fagge B","Government Secondary School, Fagge B","Male","disabled","NABTEB","Polytechnic","18","16","11","0","0","0","1.4","2","5","11","0"
"2024/2025","North West","Kano","Fagge","Fagge B","Government Secondary School, Fagge B","Male","disabled","NECO","Polytechnic","22","20","13","6","5","0","1.3","2","7","6","2"
"2024/2025","North West","Kano","Fagge","Fagge B","Government Secondary School, Fagge B","Male","disabled","WAEC","Polytechnic","29","26","17","6","4","0","1.3","3","9","11","2"
"2024/2025","North West","Kano","Fagge","Fagge B","Unity College, Fagge","Female","all","NABTEB","University","150","133","105","45","25","8","1.2","17","28","60","20"
"2024/2025","North West","Kano","Fagge","Fagge B","Unity College, Fagge","Female","all","NECO","University","286","254","187","67","41","6","1.2","32","67","120","26"
"2024/2025","North West","Kano","Fagge","Fagge B","Unity College, Fagge","Female","all","WAEC","University","320","285","220","79","50","8","1.2","35","65","141","30"
"2024/2025","North West","Kano","Fagge","Fagge B","Unity College, Fagge","Female","disabled","NABTEB","University","18","16","11","8","5","0","1.2","2","5","3","3"
"2024/2025","North West","Kano","Fagge","Fagge B","Unity College, Fagge","Female","disabled","NECO","University","27","24","18","7","5","0","1.2","3","6","12","2"
"2024/2025","North West","Kano","Fagge","Fagge B","Unity College, Fagge","Female","disabled","WAEC","University","32","29","21","6","4","0","1.2","3","8","15","2"
"2024/2025","North West","Kano","Fagge","Fagge B","Unity College, Fagge","Male","all","NABTEB","University","150","133","99","35","25","0","1.2","17","34","64","10"
"2024/2025","North West","Kano","Fagge","Fagge B","Unity College, Fagge","Male","all","NECO","University","270","240","171","59","36","6","1.2","30","69","113","23"
"2024/2025","North West","Kano","Fagge","Fagge B","Unity College, Fagge","Male","all","WAEC","University","306","272","213","80","50","8","1.2","34","59","133","30"
"2024/2025","North West","Kano","Fagge","Fagge B","Unity College, Fagge","Male","disabled","NABTEB","University","18","16","11","8","5","0","1.2","2","5","3","3"
"2024/2025","North West","Kano","Fagge","Fagge B","Unity College, Fagge","Male","disabled","NECO","University","28","25","19","7","5","0","1.2","3","6","12","2"
"2024/2025","North West","Kano","Fagge","Fagge B","Unity College, Fagge","Male","disabled","WAEC","University","28","25","16","6","4","0","1.2","3","9","11","2"
"2024/2025","North West","Kano","Fagge","Fagge C","Community Secondary School, Fagge C","Female","all","NABTEB","University","216","192","150","54","32","8","1.2","24","42","96","22"
"2024/2025","North West","Kano","Fagge","Fagge C","Community Secondary School, Fagge C","Female","all","NECO","University","408","364","279","97","57","14","1.2","44","85","182","40"
"2024/2025","North West","Kano","Fagge","Fagge C","Community Secondary School, Fagge C","Female","all","WAEC","University","488","434","339","135","85","13","1.2","54","95","205","50"
"2024/2025","North West","Kano","Fagge","Fagge C","Community Secondary School, Fagge C","Female","disabled","NABTEB","University","21","19","14","7","5","0","1.2","2","5","7","3"
"2024/2025","North West","Kano","Fagge","Fagge C","Community Secondary School, Fagge C","Female","disabled","NECO","University","38","33","22","7","5","0","1.2","5","11","16","2"
"2024/2025","North West","Kano","Fagge","Fagge C","Community Secondary School, Fagge C","Female","disabled","WAEC","University","49","43","30","6","5","0","1.2","6","13","24","1"
"2024/2025","North West","Kano","Fagge","Fagge C","Community Secondary School, Fagge C","Male","all","NABTEB","University","240","214","172","63","37","8","1.2","26","42","109","26"
"2024/2025","North West","Kano","Fagge","Fagge C","Community Secondary School, Fagge C","Male","all","NECO","University","423","376","273","89","52","14","1.2","47","103","184","37"
"2024/2025","North West","Kano","Fagge","Fagge C","Community Secondary School, Fagge C","Male","all","WAEC","University","527","469","363","128","81","13","1.2","58","106","235","47"
"2024/2025","North West","Kano","Fagge","Fagge C","Community Secondary School, Fagge C","Male","disabled","NABTEB","University","21","19","14","7","5","0","1.2","2","5","7","3"
"2024/2025","North West","Kano","Fagge","Fagge C","Community Secondary School, Fagge C","Male","disabled","NECO","University","44","39","29","7","5","0","1.2","5","10","22","2"
"2024/2025","North West","Kano","Fagge","Fagge C","Community Secondary School, Fagge C","Male","disabled","WAEC","University","53","47","30","6","5","0","1.2","6","17","24","1"
"2024/2025","North West","Kano","Fagge","Fagge C","Comprehensive High School, Fagge C","Female","all","NABTEB","College of Education","208","185","127","35","18","8","1.5","23","58","92","17"
"2024/2025","North West","Kano","Fagge","Fagge C","Comprehensive High School, Fagge C","Female","all","NECO","College of Education","364","324","230","75","47","6","1.4","40","94","156","28"
"2024/2025","North West","Kano","Fagge","Fagge C","Comprehensive High School, Fagge C","Female","all","WAEC","College of Education","518","461","316","94","61","7","1.4","57","145","223","33"
"2024/2025","North West","Kano","Fagge","Fagge C","Comprehensive High School, Fagge C","Female","disabled","NABTEB","College of Education","21","19","10","0","0","0","1.5","2","9","10","0"
"2024/2025","North West","Kano","Fagge","Fagge C","Comprehensive High School, Fagge C","Female","disabled","NECO","College of Education","39","34","23","7","5","0","1.4","5","11","16","2"
"2024/2025","North West","Kano","Fagge","Fagge C","Comprehensive High School, Fagge C","Female","disabled","WAEC","College of Education","60","53","35","6","4","0","1.4","7","18","29","2"
"2024/2025","North West","Kano","Fagge","Fagge C","Comprehensive High School, Fagge C","Male","all","NABTEB","College of Education","254","226","161","45","25","8","1.5","28","65","116","20"
"2024/2025","North West","Kano","Fagge","Fagge C","Comprehensive High School, Fagge C","Male","all","NECO","College of Education","419","373","254","67","41","6","1.4","46","119","187","26"
"2024/2025","North West","Kano","Fagge","Fagge C","Comprehensive High School, Fagge C","Male","all","WAEC","College of Education","542","483","344","87","55","7","1.4","59","139","257","32"
"2024/2025","North West","Kano","Fagge","Fagge C","Comprehensive High School, Fagge C","Male","disabled","NABTEB","College of Education","27","24","16","8","5","0","1.5","3","8","8","3"
"2024/2025","North West","Kano","Fagge","Fagge C","Comprehensive High School, Fagge C","Male","disabled","NECO","College of Education","49","43","29","7","5","0","1.4","6","14","22","2"
"2024/2025","North West","Kano","Fagge","Fagge C","Comprehensive High School, Fagge C","Male","disabled","WAEC","College of Education","60","53","35","6","4","0","1.4","7","18","29","2"
"2024/2025","North West","Kano","Fagge","Fagge C","Government Secondary School, Fagge C","Female","all","NABTEB","Polytechnic","203","180","139","44","25","7","1.4","23","41","95","19"
"2024/2025","North West","Kano","Fagge","Fagge C","Government Secondary School, Fagge C","Female","all","NECO","Polytechnic","350","311","216","59","36","6","1.3","39","95","157","23"
"2024/2025","North West","Kano","Fagge","Fagge C","Government Secondary School, Fagge C","Female","all","WAEC","Polytechnic","472","420","312","94","61","7","1.3","52","108","218","33"
"2024/2025","North West","Kano","Fagge","Fagge C","Government Secondary School, Fagge C","Female","disabled","NABTEB","Polytechnic","21","19","14","7","5","0","1.4","2","5","7","3"
"2024/2025","North West","Kano","Fagge","Fagge C","Government Secondary School, Fagge C","Female","disabled","NECO","Polytechnic","39","34","23","7","5","0","1.3","5","11","16","2"
"2024/2025","North West","Kano","Fagge","Fagge C","Government Secondary School, Fagge C","Female","disabled","WAEC","Polytechnic","59","52","34","6","4","0","1.3","7","18","28","2"
"2024/2025","North West","Kano","Fagge","Fagge C","Government Secondary School, Fagge C","Male","all","NABTEB","Polytechnic","178","159","110","26","11","8","1.4","19","49","84","15"
"2024/2025","North West","Kano","Fagge","Fagge C","Government Secondary School, Fagge C","Male","all","NECO","Polytechnic","340","302","220","59","36","6","1.3","38","82","161","23"
"2024/2025","North West","Kano","Fagge","Fagge C","Government Secondary School, Fagge C","Male","all","WAEC","Polytechnic","417","371","258","74","44","8","1.3","46","113","185","30"
"2024/2025","North West","Kano","Fagge","Fagge C","Government Secondary School, Fagge C","Male","disabled","NABTEB","Polytechnic","21","19","10","0","0","0","1.4","2","9","10","0"
"2024/2025","North West","Kano","Fagge","Fagge C","Government Secondary School, Fagge C","Male","disabled","NECO","Polytechnic","39","34","23","7","5","0","1.3","5","11","16","2"
"2024/2025","North West","Kano","Fagge","Fagge C","Government Secondary School, Fagge C","Male","disabled","WAEC","Polytechnic","49","43","30","6","4","0","1.3","6","13","24","2"
"2024/2025","North West","Kano","Fagge","Fagge C","Unity College, Fagge","Female","all","NABTEB","University","79","70","56","26","18","0","1.2","9","14","30","8"
"2024/2025","North West","Kano","Fagge","Fagge C","Unity College, Fagge","Female","all","NECO","University","152","135","100","37","21","6","1.2","17","35","63","16"
"2024/2025","North West","Kano","Fagge","Fagge C","Unity College, Fagge","Female","all","WAEC","University","226","201","154","60","39","3","1.2","25","47","94","21"
"2024/2025","North West","Kano","Fagge","Fagge C","Unity College, Fagge","Female","disabled","NABTEB","University","17","15","10","8","5","0","1.2","2","5","3","3"
"2024/2025","North West","Kano","Fagge","Fagge C","Unity College, Fagge","Female","disabled","NECO","University","18","16","13","7","5","0","1.2","2","3","7","2"
"2024/2025","North West","Kano","Fagge","Fagge C","Unity College, Fagge","Female","disabled","WAEC","University","24","22","17","6","5","0","1.2","2","5","11","1"
"2024/2025","North West","Kano","Fagge","Fagge C","Unity College, Fagge","Male","all","NABTEB","University","93","83","60","26","18","0","1.2","10","23","35","8"
"2024/2025","North West","Kano","Fagge","Fagge C","Unity College, Fagge","Male","all","NECO","University","162","144","111","44","25","6","1.2","18","33","67","19"
"2024/2025","North West","Kano","Fagge","Fagge C","Unity College, Fagge","Male","all","WAEC","University","245","218","162","60","39","3","1.2","27","56","103","21"
"2024/2025","North West","Kano","Fagge","Fagge C","Unity College, Fagge","Male","disabled","NABTEB","University","17","15","10","8","5","0","1.2","2","5","3","3"
"2024/2025","North West","Kano","Fagge","Fagge C","Unity College, Fagge","Male","disabled","NECO","University","18","16","13","7","5","0","1.2","2","3","7","2"
"2024/2025","North West","Kano","Fagge","Fagge C","Unity College, Fagge","Male","disabled","WAEC","University","28","25","16","6","5","0","1.2","3","9","11","1"
"2024/2025","North West","Kano","Gwale","Dandago","Community Secondary School, Dandago","Female","all","NABTEB","University","183","163","122","45","25","8","1.2","20","41","77","20"
"2024/2025","North West","Kano","Gwale","Dandago","Community Secondary School, Dandago","Female","all","NECO","University","333","297","210","75","47","6","1.2","36","87","136","28"
"2024/2025","North West","Kano","Gwale","Dandago","Community Secondary School, Dandago","Female","all","WAEC","University","437","389","293","94","61","7","1.2","48","96","199","33"
"2024/2025","North West","Kano","Gwale","Dandago","Community Secondary School, Dandago","Female","disabled","NABTEB","University","17","15","10","8","5","0","1.2","2","5","3","3"
"2024/2025","North West","Kano","Gwale","Dandago","Community Secondary School, Dandago","Female","disabled","NECO","University","39","34","23","7","5","0","1.2","5","11","16","2"
"2024/2025","North West","Kano","Gwale","Dandago","Community Secondary School, Dandago","Female","disabled","WAEC","University","40","35","22","6","5","0","1.2","5","13","16","1"
"2024/2025","North West","Kano","Gwale","Dandago","Community Secondary School, Dandago","Male","all","NABTEB","University","168","150","110","26","18","0","1.2","18","40","84","8"
"2024/2025","North West","Kano","Gwale","Dandago","Community Secondary School, Dandago","Male","all","NECO","University","334","298","220","67","41","6","1.2","36","78","153","26"
"2024/2025","North West","Kano","Gwale","Dandago","Community Secondary School, Dandago","Male","all","WAEC","University","452","402","290","87","55","7","1.2","50","112","203","32"
"2024/2025","North West","Kano","Gwale","Dandago","Community Secondary School, Dandago","Male","disabled","NABTEB","University","17","15","10","0","0","0","1.2","2","5","10","0"
"2024/2025","North West","Kano","Gwale","Dandago","Community Secondary School, Dandago","Male","disabled","NECO","University","32","29","18","7","5","0","1.2","3","11","11","2"
"2024/2025","North West","Kano","Gwale","Dandago","Community Secondary School, Dandago","Male","disabled","WAEC","University","45","40","26","6","5","0","1.2","5","14","20","1"
"2024/2025","North West","Kano","Gwale","Dandago","Comprehensive High School, Dandago","Female","all","NABTEB","College of Education","212","189","150","63","37","8","1.5","23","39","87","26"
"2024/2025","North West","Kano","Gwale","Dandago","Comprehensive High School, Dandago","Female","all","NECO","College of Education","389","346","254","105","63","14","1.4","43","92","149","42"
"2024/2025","North West","Kano","Gwale","Dandago","Comprehensive High School, Dandago","Female","all","WAEC","College of Education","622","554","402","168","111","11","1.4","68","152","233","58"
"2024/2025","North West","Kano","Gwale","Dandago","Comprehensive High School, Dandago","Female","disabled","NABTEB","College of Education","27","24","16","8","5","0","1.5","3","8","8","3"
"2024/2025","North West","Kano","Gwale","Dandago","Comprehensive High School, Dandago","Female","disabled","NECO","College of Education","49","43","29","7","5","0","1.4","6","14","22","2"
"2024/2025","North West","Kano","Gwale","Dandago","Comprehensive High School, Dandago","Female","disabled","WAEC","College of Education","79","70","49","13","10","0","1.4","9","21","36","3"
"2024/2025","North West","Kano","Gwale","Dandago","Comprehensive High School, Dandago","Male","all","NABTEB","College of Education","297","264","210","81","51","8","1.5","33","54","129","30"
"2024/2025","North West","Kano","Gwale","Dandago","Comprehensive High School, Dandago","Male","all","NECO","College of Education","498","442","346","119","73","14","1.4","56","96","227","46"
"2024/2025","North West","Kano","Gwale","Dandago","Comprehensive High School, Dandago","Male","all","WAEC","College of Education","739","658","506","182","111","24","1.4","81","152","325","71"
"2024/2025","North West","Kano","Gwale","Dandago","Comprehensive High School, Dandago","Male","disabled","NABTEB","College of Education","37","32","21","8","5","0","1.5","5","11","14","3"
"2024/2025","North West","Kano","Gwale","Dandago","Comprehensive High School, Dandago","Male","disabled","NECO","College of Education","58","51","37","14","10","0","1.4","7","14","24","4"
"2024/2025","North West","Kano","Gwale","Dandago","Comprehensive High School, Dandago","Male","disabled","WAEC","College of Education","94","84","62","20","10","5","1.4","10","22","42","10"
"2024/2025","North West","Kano","Gwale","Dandago","Government Secondary School, Dandago","Female","all","NABTEB","University","221","197","155","54","32","8","1.2","24","42","101","22"
"2024/2025","North West","Kano","Gwale","Dandago","Government Secondary School, Dandago","Female","all","NECO","University","415","368","269","105","63","14","1.2","47","99","164","42"
"2024/2025","North West","Kano","Gwale","Dandago","Government Secondary School, Dandago","Female","all","WAEC","University","562","500","366","154","100","12","1.2","62","134","211","55"
"2024/2025","North West","Kano","Gwale","Dandago","Government Secondary School, Dandago","Female","disabled","NABTEB","University","21","19","14","7","5","0","1.2","2","5","7","3"
"2024/2025","North West","Kano","Gwale","Dandago","Government Secondary School, Dandago","Female","disabled","NECO","University","49","43","29","7","5","0","1.2","6","14","22","2"
"2024/2025","North West","Kano","Gwale","Dandago","Government Secondary School, Dandago","Female","disabled","WAEC","University","65","58","41","13","10","0","1.2","7","17","28","3"
"2024/2025","North West","Kano","Gwale","Dandago","Government Secondary School, Dandago","Male","all","NABTEB","University","249","222","166","63","37","8","1.2","27","56","104","26"
"2024/2025","North West","Kano","Gwale","Dandago","Government Secondary School, Dandago","Male","all","NECO","University","493","438","346","105","63","14","1.2","55","92","241","42"
"2024/2025","North West","Kano","Gwale","Dandago","Government Secondary School, Dandago","Male","all","WAEC","University","683","608","476","155","95","19","1.2","75","132","321","60"
"2024/2025","North West","Kano","Gwale","Dandago","Government Secondary School, Dandago","Male","disabled","NABTEB","University","26","23","15","8","5","0","1.2","3","8","8","3"
"2024/2025","North West","Kano","Gwale","Dandago","Government Secondary School, Dandago","Male","disabled","NECO","University","58","51","37","7","5","0","1.2","7","14","30","2"
"2024/2025","North West","Kano","Gwale","Dandago","Government Secondary School, Dandago","Male","disabled","WAEC","University","73","65","49","13","10","0","1.2","8","16","36","3"
"2024/2025","North West","Kano","Gwale","Dandago","Unity College, Gwale","Female","all","NABTEB","Polytechnic","150","133","94","26","18","0","1.4","17","39","68","8"
"2024/2025","North West","Kano","Gwale","Dandago","Unity College, Gwale","Female","all","NECO","Polytechnic","310","276","197","59","36","6","1.3","34","79","138","23"
"2024/2025","North West","Kano","Gwale","Dandago","Unity College, Gwale","Female","all","WAEC","Polytechnic","386","344","258","74","44","8","1.3","42","86","184","30"
"2024/2025","North West","Kano","Gwale","Dandago","Unity College, Gwale","Female","disabled","NABTEB","Polytechnic","17","15","10","0","0","0","1.4","2","5","10","0"
"2024/2025","North West","Kano","Gwale","Dandago","Unity College, Gwale","Female","disabled","NECO","Polytechnic","39","34","23","7","5","0","1.3","5","11","16","2"
"2024/2025","North West","Kano","Gwale","Dandago","Unity College, Gwale","Female","disabled","WAEC","Polytechnic","44","39","25","6","4","0","1.3","5","14","20","2"
"2024/2025","North West","Kano","Gwale","Dandago","Unity College, Gwale","Male","all","NABTEB","Polytechnic","179","160","116","44","25","7","1.4","19","44","72","19"
"2024/2025","North West","Kano","Gwale","Dandago","Unity College, Gwale","Male","all","NECO","Polytechnic","354","315","224","67","41","6","1.3","39","91","158","26"
"2024/2025","North West","Kano","Gwale","Dandago","Unity College, Gwale","Male","all","WAEC","Polytechnic","456","406","302","87","55","7","1.3","50","104","215","32"
"2024/2025","North West","Kano","Gwale","Dandago","Unity College, Gwale","Male","disabled","NABTEB","Polytechnic","21","19","10","7","5","0","1.4","2","9","3","3"
"2024/2025","North West","Kano","Gwale","Dandago","Unity College, Gwale","Male","disabled","NECO","Polytechnic","44","39","29","7","5","0","1.3","5","10","22","2"
"2024/2025","North West","Kano","Gwale","Dandago","Unity College, Gwale","Male","disabled","WAEC","Polytechnic","53","47","30","6","5","0","1.3","6","17","24","1"
"2024/2025","North West","Kano","Gwale","Diso","Community Secondary School, Diso","Female","all","NABTEB","University","137","122","88","35","18","8","1.2","15","34","53","17"
"2024/2025","North West","Kano","Gwale","Diso","Community Secondary School, Diso","Female","all","NECO","University","231","206","153","59","36","6","1.2","25","53","94","23"
"2024/2025","North West","Kano","Gwale","Diso","Community Secondary School, Diso","Female","all","WAEC","University","330","294","224","86","55","7","1.2","36","70","138","32"
"2024/2025","North West","Kano","Gwale","Diso","Community Secondary School, Diso","Female","disabled","NABTEB","University","17","15","10","8","5","0","1.2","2","5","3","3"
"2024/2025","North West","Kano","Gwale","Diso","Community Secondary School, Diso","Female","disabled","NECO","University","22","20","13","6","5","0","1.2","2","7","6","2"
"2024/2025","North West","Kano","Gwale","Diso","Community Secondary School, Diso","Female","disabled","WAEC","University","28","25","16","6","4","0","1.2","3","9","11","2"
"2024/2025","North West","Kano","Gwale","Diso","Community Secondary School, Diso","Male","all","NABTEB","University","146","130","94","26","11","8","1.2","16","36","68","15"
"2024/2025","North West","Kano","Gwale","Diso","Community Secondary School, Diso","Male","all","NECO","University","206","183","139","52","31","7","1.2","23","44","87","21"
"2024/2025","North West","Kano","Gwale","Diso","Community Secondary School, Diso","Male","all","WAEC","University","331","295","216","74","44","8","1.2","36","79","143","30"
"2024/2025","North West","Kano","Gwale","Diso","Community Secondary School, Diso","Male","disabled","NABTEB","University","17","15","10","0","0","0","1.2","2","5","10","0"
"2024/2025","North West","Kano","Gwale","Diso","Community Secondary School, Diso","Male","disabled","NECO","University","18","16","13","7","5","0","1.2","2","3","7","2"
"2024/2025","North West","Kano","Gwale","Diso","Community Secondary School, Diso","Male","disabled","WAEC","University","29","26","17","6","4","0","1.2","3","9","11","2"
"2024/2025","North West","Kano","Gwale","Diso","Comprehensive High School, Diso","Female","all","NABTEB","Polytechnic","113","100","71","26","18","0","1.4","13","29","45","8"
"2024/2025","North West","Kano","Gwale","Diso","Comprehensive High School, Diso","Female","all","NECO","Polytechnic","226","201","153","52","31","7","1.3","25","48","101","21"
"2024/2025","North West","Kano","Gwale","Diso","Comprehensive High School, Diso","Female","all","WAEC","Polytechnic","281","250","194","74","50","2","1.3","31","56","121","24"
"2024/2025","North West","Kano","Gwale","Diso","Comprehensive High School, Diso","Female","disabled","NABTEB","Polytechnic","17","15","10","8","5","0","1.4","2","5","3","3"
"2024/2025","North West","Kano","Gwale","Diso","Comprehensive High School, Diso","Female","disabled","NECO","Polytechnic","28","25","19","7","5","0","1.3","3","6","12","2"
"2024/2025","North West","Kano","Gwale","Diso","Comprehensive High School, Diso","Female","disabled","WAEC","Polytechnic","34","31","22","6","4","0","1.3","3","9","16","2"
"2024/2025","North West","Kano","Gwale","Diso","Comprehensive High School, Diso","Male","all","NABTEB","Polytechnic","141","125","88","17","11","0","1.4","16","37","71","6"
"2024/2025","North West","Kano","Gwale","Diso","Comprehensive High School, Diso","Male","all","NECO","Polytechnic","271","241","178","52","31","7","1.3","30","63","126","21"
"2024/2025","North West","Kano","Gwale","Diso","Comprehensive High School, Diso","Male","all","WAEC","Polytechnic","330","294","207","60","35","10","1.3","36","87","147","25"
"2024/2025","North West","Kano","Gwale","Diso","Comprehensive High School, Diso","Male","disabled","NABTEB","Polytechnic","17","15","10","0","0","0","1.4","2","5","10","0"
"2024/2025","North West","Kano","Gwale","Diso","Comprehensive High School, Diso","Male","disabled","NECO","Polytechnic","32","29","22","7","5","0","1.3","3","7","15","2"
"2024/2025","North West","Kano","Gwale","Diso","Comprehensive High School, Diso","Male","disabled","WAEC","Polytechnic","44","39","25","6","4","0","1.3","5","14","20","2"
"2024/2025","North West","Kano","Gwale","Diso","Government Secondary School, Diso","Female","all","NABTEB","University","113","100","66","17","11","0","1.2","13","34","49","6"
"2024/2025","North West","Kano","Gwale","Diso","Government Secondary School, Diso","Female","all","NECO","University","172","153","111","30","14","7","1.2","19","42","81","16"
"2024/2025","North West","Kano","Gwale","Diso","Government Secondary School, Diso","Female","all","WAEC","University","255","227","158","47","31","3","1.2","28","69","112","16"
"2024/2025","North West","Kano","Gwale","Diso","Government Secondary School, Diso","Female","disabled","NABTEB","University","17","15","10","0","0","0","1.2","2","5","10","0"
"2024/2025","North West","Kano","Gwale","Diso","Government Secondary School, Diso","Female","disabled","NECO","University","23","21","13","7","5","0","1.2","2","8","7","2"
"2024/2025","North West","Kano","Gwale","Diso","Government Secondary School, Diso","Female","disabled","WAEC","University","34","31","22","6","5","0","1.2","3","9","16","1"
"2024/2025","North West","Kano","Gwale","Diso","Government Secondary School, Diso","Male","all","NABTEB","University","137","122","82","17","11","0","1.2","15","40","65","6"
"2024/2025","North West","Kano","Gwale","Diso","Government Secondary School, Diso","Male","all","NECO","University","202","179","130","37","21","6","1.2","23","49","93","16"
"2024/2025","North West","Kano","Gwale","Diso","Government Secondary School, Diso","Male","all","WAEC","University","316","281","204","60","39","3","1.2","35","77","144","21"
"2024/2025","North West","Kano","Gwale","Diso","Government Secondary School, Diso","Male","disabled","NABTEB","University","17","15","10","0","0","0","1.2","2","5","10","0"
"2024/2025","North West","Kano","Gwale","Diso","Government Secondary School, Diso","Male","disabled","NECO","University","22","20","13","6","5","0","1.2","2","7","6","2"
"2024/2025","North West","Kano","Gwale","Diso","Government Secondary School, Diso","Male","disabled","WAEC","University","40","35","22","6","4","0","1.2","5","13","16","2"
"2024/2025","North West","Kano","Gwale","Diso","Unity College, Gwale","Female","all","NABTEB","Polytechnic","240","214","167","63","37","8","1.4","26","47","104","26"
"2024/2025","North West","Kano","Gwale","Diso","Unity College, Gwale","Female","all","NECO","Polytechnic","439","391","298","105","63","14","1.3","48","93","193","42"
"2024/2025","North West","Kano","Gwale","Diso","Unity College, Gwale","Female","all","WAEC","Polytechnic","612","545","420","168","106","17","1.3","67","125","252","63"
"2024/2025","North West","Kano","Gwale","Diso","Unity College, Gwale","Female","disabled","NABTEB","Polytechnic","21","19","14","7","5","0","1.4","2","5","7","3"
"2024/2025","North West","Kano","Gwale","Diso","Unity College, Gwale","Female","disabled","NECO","Polytechnic","43","38","28","7","5","0","1.3","5","10","21","2"
"2024/2025","North West","Kano","Gwale","Diso","Unity College, Gwale","Female","disabled","WAEC","Polytechnic","60","53","35","13","10","0","1.3","7","18","22","3"
"2024/2025","North West","Kano","Gwale","Diso","Unity College, Gwale","Male","all","NABTEB","Polytechnic","240","214","155","54","32","8","1.4","26","59","101","22"
"2024/2025","North West","Kano","Gwale","Diso","Unity College, Gwale","Male","all","NECO","Polytechnic","438","390","287","105","63","14","1.3","48","103","183","42"
"2024/2025","North West","Kano","Gwale","Diso","Unity College, Gwale","Male","all","WAEC","Polytechnic","639","568","427","155","95","19","1.3","71","141","272","60"
"2024/2025","North West","Kano","Gwale","Diso","Unity College, Gwale","Male","disabled","NABTEB","Polytechnic","21","19","14","7","5","0","1.4","2","5","7","3"
"2024/2025","North West","Kano","Gwale","Diso","Unity College, Gwale","Male","disabled","NECO","Polytechnic","39","34","23","7","5","0","1.3","5","11","16","2"
"2024/2025","North West","Kano","Gwale","Diso","Unity College, Gwale","Male","disabled","WAEC","Polytechnic","54","48","34","6","4","0","1.3","6","14","28","2"
"2024/2025","North West","Kano","Gwale","Dorayi","Community Secondary School, Dorayi","Female","all","NABTEB","Polytechnic","216","192","155","63","37","8","1.4","24","37","92","26"
"2024/2025","North West","Kano","Gwale","Dorayi","Community Secondary School, Dorayi","Female","all","NECO","Polytechnic","423","376","279","97","57","14","1.3","47","97","182","40"
"2024/2025","North West","Kano","Gwale","Dorayi","Community Secondary School, Dorayi","Female","all","WAEC","Polytechnic","568","505","394","169","111","11","1.3","63","111","225","58"
"2024/2025","North West","Kano","Gwale","Dorayi","Community Secondary School, Dorayi","Female","disabled","NABTEB","Polytechnic","17","15","10","8","5","0","1.4","2","5","3","3"
"2024/2025","North West","Kano","Gwale","Dorayi","Community Secondary School, Dorayi","Female","disabled","NECO","Polytechnic","44","39","29","7","5","0","1.3","5","10","22","2"
"2024/2025","North West","Kano","Gwale","Dorayi","Community Secondary School, Dorayi","Female","disabled","WAEC","Polytechnic","54","48","30","13","10","0","1.3","6","18","18","3"
"2024/2025","North West","Kano","Gwale","Dorayi","Community Secondary School, Dorayi","Male","all","NABTEB","Polytechnic","216","192","150","54","32","8","1.4","24","42","96","22"
"2024/2025","North West","Kano","Gwale","Dorayi","Community Secondary School, Dorayi","Male","all","NECO","Polytechnic","383","341","263","82","47","14","1.3","42","78","181","35"
"2024/2025","North West","Kano","Gwale","Dorayi","Community Secondary School, Dorayi","Male","all","WAEC","Polytechnic","532","474","348","122","74","14","1.3","58","126","227","48"
"2024/2025","North West","Kano","Gwale","Dorayi","Community Secondary School, Dorayi","Male","disabled","NABTEB","Polytechnic","21","19","14","7","5","0","1.4","2","5","7","3"
"2024/2025","North West","Kano","Gwale","Dorayi","Community Secondary School, Dorayi","Male","disabled","NECO","Polytechnic","39","34","23","7","5","0","1.3","5","11","16","2"
"2024/2025","North West","Kano","Gwale","Dorayi","Community Secondary School, Dorayi","Male","disabled","WAEC","Polytechnic","50","44","31","6","4","0","1.3","6","13","25","2"
"2024/2025","North West","Kano","Gwale","Dorayi","Comprehensive High School, Dorayi","Female","all","NABTEB","College of Education","93","83","60","26","18","0","1.5","10","23","35","8"
"2024/2025","North West","Kano","Gwale","Dorayi","Comprehensive High School, Dorayi","Female","all","NECO","College of Education","162","144","115","44","25","6","1.4","18","29","71","19"
"2024/2025","North West","Kano","Gwale","Dorayi","Comprehensive High School, Dorayi","Female","all","WAEC","College of Education","210","187","140","47","31","3","1.4","23","47","94","16"
"2024/2025","North West","Kano","Gwale","Dorayi","Comprehensive High School, Dorayi","Female","disabled","NABTEB","College of Education","17","15","10","8","5","0","1.5","2","5","3","3"
"2024/2025","North West","Kano","Gwale","Dorayi","Comprehensive High School, Dorayi","Female","disabled","NECO","College of Education","18","16","13","7","4","1","1.4","2","3","7","3"
"2024/2025","North West","Kano","Gwale","Dorayi","Comprehensive High School, Dorayi","Female","disabled","WAEC","College of Education","19","17","13","6","4","0","1.4","2","4","7","2"
"2024/2025","North West","Kano","Gwale","Dorayi","Comprehensive High School, Dorayi","Male","all","NABTEB","College of Education","107","95","70","26","18","0","1.5","12","25","45","8"
"2024/2025","North West","Kano","Gwale","Dorayi","Comprehensive High School, Dorayi","Male","all","NECO","College of Education","176","157","114","37","21","6","1.4","19","43","78","16"
"2024/2025","North West","Kano","Gwale","Dorayi","Comprehensive High School, Dorayi","Male","all","WAEC","College of Education","246","219","163","60","39","3","1.4","27","56","103","21"
"2024/2025","North West","Kano","Gwale","Dorayi","Comprehensive High School, Dorayi","Male","disabled","NABTEB","College of Education","17","15","10","8","5","0","1.5","2","5","3","3"
"2024/2025","North West","Kano","Gwale","Dorayi","Comprehensive High School, Dorayi","Male","disabled","NECO","College of Education","18","16","13","7","5","0","1.4","2","3","7","2"
"2024/2025","North West","Kano","Gwale","Dorayi","Comprehensive High School, Dorayi","Male","disabled","WAEC","College of Education","19","17","13","6","4","0","1.4","2","4","7","2"
"2024/2025","North West","Kano","Gwale","Dorayi","Government Secondary School, Dorayi","Female","all","NABTEB","College of Education","117","104","76","26","18","0","1.5","13","28","51","8"
"2024/2025","North West","Kano","Gwale","Dorayi","Government Secondary School, Dorayi","Female","all","NECO","College of Education","187","166","129","52","31","7","1.4","21","37","78","21"
"2024/2025","North West","Kano","Gwale","Dorayi","Government Secondary School, Dorayi","Female","all","WAEC","College of Education","266","236","186","67","44","2","1.4","30","50","119","23"
"2024/2025","North West","Kano","Gwale","Dorayi","Government Secondary School, Dorayi","Female","disabled","NABTEB","College of Education","17","15","10","8","5","0","1.5","2","5","3","3"
"2024/2025","North West","Kano","Gwale","Dorayi","Government Secondary School, Dorayi","Female","disabled","NECO","College of Education","18","16","13","7","4","1","1.4","2","3","7","3"
"2024/2025","North West","Kano","Gwale","Dorayi","Government Secondary School, Dorayi","Female","disabled","WAEC","College of Education","34","31","22","6","4","0","1.4","3","9","16","2"
"2024/2025","North West","Kano","Gwale","Dorayi","Government Secondary School, Dorayi","Male","all","NABTEB","College of Education","122","108","88","35","25","0","1.5","14","20","53","10"
"2024/2025","North West","Kano","Gwale","Dorayi","Government Secondary School, Dorayi","Male","all","NECO","College of Education","181","161","130","44","25","6","1.4","20","31","86","19"
"2024/2025","North West","Kano","Gwale","Dorayi","Government Secondary School, Dorayi","Male","all","WAEC","College of Education","256","228","172","67","39","10","1.4","28","56","105","28"
"2024/2025","North West","Kano","Gwale","Dorayi","Government Secondary School, Dorayi","Male","disabled","NABTEB","College of Education","17","15","10","8","5","0","1.5","2","5","3","3"
"2024/2025","North West","Kano","Gwale","Dorayi","Government Secondary School, Dorayi","Male","disabled","NECO","College of Education","22","20","13","6","5","0","1.4","2","7","6","2"
"2024/2025","North West","Kano","Gwale","Dorayi","Government Secondary School, Dorayi","Male","disabled","WAEC","College of Education","29","26","17","6","4","0","1.4","3","9","11","2"
"2024/2025","North West","Kano","Gwale","Dorayi","Unity College, Gwale","Female","all","NABTEB","Polytechnic","159","142","115","44","25","7","1.4","17","27","71","19"
"2024/2025","North West","Kano","Gwale","Dorayi","Unity College, Gwale","Female","all","NECO","Polytechnic","260","232","177","67","41","6","1.3","28","55","111","26"
"2024/2025","North West","Kano","Gwale","Dorayi","Unity College, Gwale","Female","all","WAEC","Polytechnic","396","353","267","100","65","7","1.3","43","86","168","35"
"2024/2025","North West","Kano","Gwale","Dorayi","Unity College, Gwale","Female","disabled","NABTEB","Polytechnic","17","15","10","8","5","0","1.4","2","5","3","3"
"2024/2025","North West","Kano","Gwale","Dorayi","Unity College, Gwale","Female","disabled","NECO","Polytechnic","32","29","22","7","5","0","1.3","3","7","15","2"
"2024/2025","North West","Kano","Gwale","Dorayi","Unity College, Gwale","Female","disabled","WAEC","Polytechnic","50","44","31","13","10","0","1.3","6","13","18","3"
"2024/2025","North West","Kano","Gwale","Dorayi","Unity College, Gwale","Male","all","NABTEB","Polytechnic","155","138","104","44","25","7","1.4","17","34","61","19"
"2024/2025","North West","Kano","Gwale","Dorayi","Unity College, Gwale","Male","all","NECO","Polytechnic","305","272","220","75","41","14","1.3","33","52","145","34"
"2024/2025","North West","Kano","Gwale","Dorayi","Unity College, Gwale","Male","all","WAEC","Polytechnic","412","366","276","87","55","7","1.3","46","90","189","32"
"2024/2025","North West","Kano","Gwale","Dorayi","Unity College, Gwale","Male","disabled","NABTEB","Polytechnic","17","15","10","8","5","0","1.4","2","5","3","3"
"2024/2025","North West","Kano","Gwale","Dorayi","Unity College, Gwale","Male","disabled","NECO","Polytechnic","32","29","22","7","5","0","1.3","3","7","15","2"
"2024/2025","North West","Kano","Gwale","Dorayi","Unity College, Gwale","Male","disabled","WAEC","Polytechnic","54","48","36","6","4","0","1.3","6","12","30","2"
"2024/2025","North West","Kano","Kano Municipal","Chedi","Community Secondary School, Chedi","Female","all","NABTEB","College of Education","136","121","81","17","11","0","1.5","15","40","64","6"
"2024/2025","North West","Kano","Kano Municipal","Chedi","Community Secondary School, Chedi","Female","all","NECO","College of Education","226","201","144","44","25","6","1.4","25","57","100","19"
"2024/2025","North West","Kano","Kano Municipal","Chedi","Community Secondary School, Chedi","Female","all","WAEC","College of Education","306","272","195","60","39","3","1.4","34","77","135","21"
"2024/2025","North West","Kano","Kano Municipal","Chedi","Community Secondary School, Chedi","Female","disabled","NABTEB","College of Education","17","15","10","0","0","0","1.5","2","5","10","0"
"2024/2025","North West","Kano","Kano Municipal","Chedi","Community Secondary School, Chedi","Female","disabled","NECO","College of Education","22","20","13","6","5","0","1.4","2","7","6","2"
"2024/2025","North West","Kano","Kano Municipal","Chedi","Community Secondary School, Chedi","Female","disabled","WAEC","College of Education","32","29","21","6","4","0","1.4","3","8","15","2"
"2024/2025","North West","Kano","Kano Municipal","Chedi","Community Secondary School, Chedi","Male","all","NABTEB","College of Education","137","122","88","17","11","0","1.5","15","34","71","6"
"2024/2025","North West","Kano","Kano Municipal","Chedi","Community Secondary School, Chedi","Male","all","NECO","College of Education","245","218","158","44","25","6","1.4","27","60","114","19"
"2024/2025","North West","Kano","Kano Municipal","Chedi","Community Secondary School, Chedi","Male","all","WAEC","College of Education","320","285","194","60","35","10","1.4","35","91","134","25"
"2024/2025","North West","Kano","Kano Municipal","Chedi","Community Secondary School, Chedi","Male","disabled","NABTEB","College of Education","17","15","10","0","0","0","1.5","2","5","10","0"
"2024/2025","North West","Kano","Kano Municipal","Chedi","Community Secondary School, Chedi","Male","disabled","NECO","College of Education","27","24","18","7","5","0","1.4","3","6","12","2"
"2024/2025","North West","Kano","Kano Municipal","Chedi","Community Secondary School, Chedi","Male","disabled","WAEC","College of Education","32","29","16","6","4","0","1.4","3","13","10","2"
"2024/2025","North West","Kano","Kano Municipal","Chedi","Comprehensive High School, Chedi","Female","all","NABTEB","University","230","205","154","63","37","8","1.2","25","51","92","26"
"2024/2025","North West","Kano","Kano Municipal","Chedi","Comprehensive High School, Chedi","Female","all","NECO","University","437","389","305","118","69","21","1.2","48","84","187","50"
"2024/2025","North West","Kano","Kano Municipal","Chedi","Comprehensive High School, Chedi","Female","all","WAEC","University","518","461","353","128","81","13","1.2","57","108","226","47"
"2024/2025","North West","Kano","Kano Municipal","Chedi","Comprehensive High School, Chedi","Female","disabled","NABTEB","University","17","15","10","8","5","0","1.2","2","5","3","3"
"2024/2025","North West","Kano","Kano Municipal","Chedi","Comprehensive High School, Chedi","Female","disabled","NECO","University","32","29","18","7","5","0","1.2","3","11","11","2"
"2024/2025","North West","Kano","Kano Municipal","Chedi","Comprehensive High School, Chedi","Female","disabled","WAEC","University","39","34","25","6","4","0","1.2","5","9","19","2"
"2024/2025","North West","Kano","Kano Municipal","Chedi","Comprehensive High School, Chedi","Male","all","NABTEB","University","277","246","194","63","37","8","1.2","31","52","131","26"
"2024/2025","North West","Kano","Kano Municipal","Chedi","Comprehensive High School, Chedi","Male","all","NECO","University","498","442","336","105","63","14","1.2","56","106","231","42"
"2024/2025","North West","Kano","Kano Municipal","Chedi","Comprehensive High School, Chedi","Male","all","WAEC","University","654","582","458","169","106","17","1.2","72","124","289","63"
"2024/2025","North West","Kano","Kano Municipal","Chedi","Comprehensive High School, Chedi","Male","disabled","NABTEB","University","21","19","14","7","5","0","1.2","2","5","7","3"
"2024/2025","North West","Kano","Kano Municipal","Chedi","Comprehensive High School, Chedi","Male","disabled","NECO","University","44","39","29","7","5","0","1.2","5","10","22","2"
"2024/2025","North West","Kano","Kano Municipal","Chedi","Comprehensive High School, Chedi","Male","disabled","WAEC","University","54","48","34","6","4","0","1.2","6","14","28","2"
"2024/2025","North West","Kano","Kano Municipal","Chedi","Government Secondary School, Chedi","Female","all","NABTEB","Polytechnic","164","146","105","26","11","8","1.4","18","41","79","15"
"2024/2025","North West","Kano","Kano Municipal","Chedi","Government Secondary School, Chedi","Female","all","NECO","Polytechnic","294","262","186","60","36","7","1.3","32","76","127","24"
"2024/2025","North West","Kano","Kano Municipal","Chedi","Government Secondary School, Chedi","Female","all","WAEC","Polytechnic","365","325","225","74","44","8","1.3","40","100","151","30"
"2024/2025","North West","Kano","Kano Municipal","Chedi","Government Secondary School, Chedi","Female","disabled","NABTEB","Polytechnic","21","19","14","0","0","0","1.4","2","5","14","0"
"2024/2025","North West","Kano","Kano Municipal","Chedi","Government Secondary School, Chedi","Female","disabled","NECO","Polytechnic","39","34","23","7","5","0","1.3","5","11","16","2"
"2024/2025","North West","Kano","Kano Municipal","Chedi","Government Secondary School, Chedi","Female","disabled","WAEC","Polytechnic","49","43","25","6","4","0","1.3","6","18","20","2"
"2024/2025","North West","Kano","Kano Municipal","Chedi","Government Secondary School, Chedi","Male","all","NABTEB","Polytechnic","164","146","99","26","18","0","1.4","18","47","73","8"
"2024/2025","North West","Kano","Kano Municipal","Chedi","Government Secondary School, Chedi","Male","all","NECO","Polytechnic","300","267","181","52","31","7","1.3","33","86","130","21"
"2024/2025","North West","Kano","Kano Municipal","Chedi","Government Secondary School, Chedi","Male","all","WAEC","Polytechnic","386","344","258","74","44","8","1.3","42","86","184","30"
"2024/2025","North West","Kano","Kano Municipal","Chedi","Government Secondary School, Chedi","Male","disabled","NABTEB","Polytechnic","17","15","10","0","0","0","1.4","2","5","10","0"
"2024/2025","North West","Kano","Kano Municipal","Chedi","Government Secondary School, Chedi","Male","disabled","NECO","Polytechnic","39","34","23","7","5","0","1.3","5","11","16","2"
"2024/2025","North West","Kano","Kano Municipal","Chedi","Government Secondary School, Chedi","Male","disabled","WAEC","Polytechnic","50","44","31","6","4","0","1.3","6","13","25","2"
"2024/2025","North West","Kano","Kano Municipal","Chedi","Unity College, Kano Municipal","Female","all","NABTEB","College of Education","155","138","98","26","11","8","1.5","17","40","72","15"
"2024/2025","North West","Kano","Kano Municipal","Chedi","Unity College, Kano Municipal","Female","all","NECO","College of Education","260","232","162","60","36","7","1.4","28","70","103","24"
"2024/2025","North West","Kano","Kano Municipal","Chedi","Unity College, Kano Municipal","Female","all","WAEC","College of Education","401","357","250","74","44","8","1.4","44","107","176","30"
"2024/2025","North West","Kano","Kano Municipal","Chedi","Unity College, Kano Municipal","Female","disabled","NABTEB","College of Education","17","15","10","0","0","0","1.5","2","5","10","0"
"2024/2025","North West","Kano","Kano Municipal","Chedi","Unity College, Kano Municipal","Female","disabled","NECO","College of Education","23","21","13","7","5","0","1.4","2","8","7","2"
"2024/2025","North West","Kano","Kano Municipal","Chedi","Unity College, Kano Municipal","Female","disabled","WAEC","College of Education","40","35","22","6","4","0","1.4","5","13","16","2"
"2024/2025","North West","Kano","Kano Municipal","Chedi","Unity College, Kano Municipal","Male","all","NABTEB","College of Education","141","125","82","17","11","0","1.5","16","43","65","6"
"2024/2025","North West","Kano","Kano Municipal","Chedi","Unity College, Kano Municipal","Male","all","NECO","College of Education","251","224","163","44","25","6","1.4","27","61","119","19"
"2024/2025","North West","Kano","Kano Municipal","Chedi","Unity College, Kano Municipal","Male","all","WAEC","College of Education","362","321","216","47","31","3","1.4","41","105","169","16"
"2024/2025","North West","Kano","Kano Municipal","Chedi","Unity College, Kano Municipal","Male","disabled","NABTEB","College of Education","17","15","10","0","0","0","1.5","2","5","10","0"
"2024/2025","North West","Kano","Kano Municipal","Chedi","Unity College, Kano Municipal","Male","disabled","NECO","College of Education","22","20","13","6","5","0","1.4","2","7","6","2"
"2024/2025","North West","Kano","Kano Municipal","Chedi","Unity College, Kano Municipal","Male","disabled","WAEC","College of Education","40","35","22","0","0","0","1.4","5","13","22","0"
"2024/2025","North West","Kano","Kano Municipal","Dan'agundi","Community Secondary School, Dan'agundi","Female","all","NABTEB","Polytechnic","93","83","60","26","18","0","1.4","10","23","35","8"
"2024/2025","North West","Kano","Kano Municipal","Dan'agundi","Community Secondary School, Dan'agundi","Female","all","NECO","Polytechnic","171","152","118","37","21","6","1.3","19","34","81","16"
"2024/2025","North West","Kano","Kano Municipal","Dan'agundi","Community Secondary School, Dan'agundi","Female","all","WAEC","Polytechnic","236","210","150","53","35","3","1.3","26","60","97","18"
"2024/2025","North West","Kano","Kano Municipal","Dan'agundi","Community Secondary School, Dan'agundi","Female","disabled","NABTEB","Polytechnic","18","16","11","8","5","0","1.4","2","5","3","3"
"2024/2025","North West","Kano","Kano Municipal","Dan'agundi","Community Secondary School, Dan'agundi","Female","disabled","NECO","Polytechnic","18","16","13","7","4","1","1.3","2","3","7","3"
"2024/2025","North West","Kano","Kano Municipal","Dan'agundi","Community Secondary School, Dan'agundi","Female","disabled","WAEC","Polytechnic","19","17","13","6","4","0","1.3","2","4","7","2"
"2024/2025","North West","Kano","Kano Municipal","Dan'agundi","Community Secondary School, Dan'agundi","Male","all","NABTEB","Polytechnic","98","87","61","26","18","0","1.4","11","26","35","8"
"2024/2025","North West","Kano","Kano Municipal","Dan'agundi","Community Secondary School, Dan'agundi","Male","all","NECO","Polytechnic","162","144","111","37","21","6","1.3","18","33","74","16"
"2024/2025","North West","Kano","Kano Municipal","Dan'agundi","Community Secondary School, Dan'agundi","Male","all","WAEC","Polytechnic","226","201","141","47","31","3","1.3","25","60","94","16"
"2024/2025","North West","Kano","Kano Municipal","Dan'agundi","Community Secondary School, Dan'agundi","Male","disabled","NABTEB","Polytechnic","17","15","10","8","5","0","1.4","2","5","3","3"
"2024/2025","North West","Kano","Kano Municipal","Dan'agundi","Community Secondary School, Dan'agundi","Male","disabled","NECO","Polytechnic","18","16","13","7","4","1","1.3","2","3","7","3"
"2024/2025","North West","Kano","Kano Municipal","Dan'agundi","Community Secondary School, Dan'agundi","Male","disabled","WAEC","Polytechnic","19","17","13","6","4","0","1.3","2","4","7","2"
"2024/2025","North West","Kano","Kano Municipal","Dan'agundi","Comprehensive High School, Dan'agundi","Female","all","NABTEB","College of Education","169","151","111","44","25","7","1.5","18","40","67","19"
"2024/2025","North West","Kano","Kano Municipal","Dan'agundi","Comprehensive High School, Dan'agundi","Female","all","NECO","College of Education","300","267","196","67","36","14","1.4","33","71","130","31"
"2024/2025","North West","Kano","Kano Municipal","Dan'agundi","Comprehensive High School, Dan'agundi","Female","all","WAEC","College of Education","395","352","266","87","55","7","1.4","43","86","180","32"
"2024/2025","North West","Kano","Kano Municipal","Dan'agundi","Comprehensive High School, Dan'agundi","Female","disabled","NABTEB","College of Education","17","15","10","8","5","0","1.5","2","5","3","3"
"2024/2025","North West","Kano","Kano Municipal","Dan'agundi","Comprehensive High School, Dan'agundi","Female","disabled","NECO","College of Education","28","25","19","7","4","1","1.4","3","6","12","3"
"2024/2025","North West","Kano","Kano Municipal","Dan'agundi","Comprehensive High School, Dan'agundi","Female","disabled","WAEC","College of Education","34","31","22","6","4","0","1.4","3","9","16","2"
"2024/2025","North West","Kano","Kano Municipal","Dan'agundi","Comprehensive High School, Dan'agundi","Male","all","NABTEB","College of Education","189","168","116","35","25","0","1.5","21","52","81","10"
"2024/2025","North West","Kano","Kano Municipal","Dan'agundi","Comprehensive High School, Dan'agundi","Male","all","NECO","College of Education","324","289","210","75","47","6","1.4","35","79","136","28"
"2024/2025","North West","Kano","Kano Municipal","Dan'agundi","Comprehensive High School, Dan'agundi","Male","all","WAEC","College of Education","467","416","298","94","61","7","1.4","51","118","205","33"
"2024/2025","North West","Kano","Kano Municipal","Dan'agundi","Comprehensive High School, Dan'agundi","Male","disabled","NABTEB","College of Education","17","15","10","8","5","0","1.5","2","5","3","3"
"2024/2025","North West","Kano","Kano Municipal","Dan'agundi","Comprehensive High School, Dan'agundi","Male","disabled","NECO","College of Education","28","25","19","7","4","1","1.4","3","6","12","3"
"2024/2025","North West","Kano","Kano Municipal","Dan'agundi","Comprehensive High School, Dan'agundi","Male","disabled","WAEC","College of Education","45","40","26","6","4","0","1.4","5","14","20","2"
"2024/2025","North West","Kano","Kano Municipal","Dan'agundi","Government Secondary School, Dan'agundi","Female","all","NABTEB","Polytechnic","156","139","105","44","25","7","1.4","17","34","61","19"
"2024/2025","North West","Kano","Kano Municipal","Dan'agundi","Government Secondary School, Dan'agundi","Female","all","NECO","Polytechnic","266","236","168","59","36","6","1.3","30","68","109","23"
"2024/2025","North West","Kano","Kano Municipal","Dan'agundi","Government Secondary School, Dan'agundi","Female","all","WAEC","Polytechnic","341","303","230","79","50","8","1.3","38","73","151","30"
"2024/2025","North West","Kano","Kano Municipal","Dan'agundi","Government Secondary School, Dan'agundi","Female","disabled","NABTEB","Polytechnic","18","16","11","8","5","0","1.4","2","5","3","3"
"2024/2025","North West","Kano","Kano Municipal","Dan'agundi","Government Secondary School, Dan'agundi","Female","disabled","NECO","Polytechnic","22","20","13","6","5","0","1.3","2","7","6","2"
"2024/2025","North West","Kano","Kano Municipal","Dan'agundi","Government Secondary School, Dan'agundi","Female","disabled","WAEC","Polytechnic","34","31","22","6","4","0","1.3","3","9","16","2"
"2024/2025","North West","Kano","Kano Municipal","Dan'agundi","Government Secondary School, Dan'agundi","Male","all","NABTEB","Polytechnic","146","130","99","26","18","0","1.4","16","31","73","8"
"2024/2025","North West","Kano","Kano Municipal","Dan'agundi","Government Secondary School, Dan'agundi","Male","all","NECO","Polytechnic","260","232","167","52","31","7","1.3","28","65","116","21"
"2024/2025","North West","Kano","Kano Municipal","Dan'agundi","Government Secondary School, Dan'agundi","Male","all","WAEC","Polytechnic","382","340","259","74","44","8","1.3","42","81","185","30"
"2024/2025","North West","Kano","Kano Municipal","Dan'agundi","Government Secondary School, Dan'agundi","Male","disabled","NABTEB","Polytechnic","18","16","11","0","0","0","1.4","2","5","11","0"
"2024/2025","North West","Kano","Kano Municipal","Dan'agundi","Government Secondary School, Dan'agundi","Male","disabled","NECO","Polytechnic","28","25","19","7","5","0","1.3","3","6","12","2"
"2024/2025","North West","Kano","Kano Municipal","Dan'agundi","Government Secondary School, Dan'agundi","Male","disabled","WAEC","Polytechnic","45","40","26","6","4","0","1.3","5","14","20","2"
"2024/2025","North West","Kano","Kano Municipal","Dan'agundi","Unity College, Kano Municipal","Female","all","NABTEB","College of Education","141","125","88","26","18","0","1.5","16","37","62","8"
"2024/2025","North West","Kano","Kano Municipal","Dan'agundi","Unity College, Kano Municipal","Female","all","NECO","College of Education","255","227","158","52","31","7","1.4","28","69","106","21"
"2024/2025","North West","Kano","Kano Municipal","Dan'agundi","Unity College, Kano Municipal","Female","all","WAEC","College of Education","352","312","221","74","44","8","1.4","40","91","148","30"
"2024/2025","North West","Kano","Kano Municipal","Dan'agundi","Unity College, Kano Municipal","Female","disabled","NABTEB","College of Education","18","16","11","8","5","0","1.5","2","5","3","3"
"2024/2025","North West","Kano","Kano Municipal","Dan'agundi","Unity College, Kano Municipal","Female","disabled","NECO","College of Education","28","25","14","7","4","1","1.4","3","11","7","3"
"2024/2025","North West","Kano","Kano Municipal","Dan'agundi","Unity College, Kano Municipal","Female","disabled","WAEC","College of Education","34","31","22","6","4","0","1.4","3","9","16","2"
"2024/2025","North West","Kano","Kano Municipal","Dan'agundi","Unity College, Kano Municipal","Male","all","NABTEB","College of Education","141","125","88","17","11","0","1.5","16","37","71","6"
"2024/2025","North West","Kano","Kano Municipal","Dan'agundi","Unity College, Kano Municipal","Male","all","NECO","College of Education","280","249","181","37","21","6","1.4","31","68","144","16"
"2024/2025","North West","Kano","Kano Municipal","Dan'agundi","Unity College, Kano Municipal","Male","all","WAEC","College of Education","316","281","208","60","35","10","1.4","35","73","148","25"
"2024/2025","North West","Kano","Kano Municipal","Dan'agundi","Unity College, Kano Municipal","Male","disabled","NABTEB","College of Education","17","15","10","0","0","0","1.5","2","5","10","0"
"2024/2025","North West","Kano","Kano Municipal","Dan'agundi","Unity College, Kano Municipal","Male","disabled","NECO","College of Education","28","25","19","0","0","0","1.4","3","6","19","0"
"2024/2025","North West","Kano","Kano Municipal","Dan'agundi","Unity College, Kano Municipal","Male","disabled","WAEC","College of Education","34","31","22","6","4","0","1.4","3","9","16","2"
"2024/2025","North West","Kano","Kano Municipal","Gandun Albasa","Community Secondary School, Gandun Albasa","Female","all","NABTEB","University","164","146","111","26","11","8","1.2","18","35","85","15"
"2024/2025","North West","Kano","Kano Municipal","Gandun Albasa","Community Secondary School, Gandun Albasa","Female","all","NECO","University","340","302","220","60","36","7","1.2","38","82","160","24"
"2024/2025","North West","Kano","Kano Municipal","Gandun Albasa","Community Secondary School, Gandun Albasa","Female","all","WAEC","University","452","402","290","100","65","7","1.2","50","112","190","35"
"2024/2025","North West","Kano","Kano Municipal","Gandun Albasa","Community Secondary School, Gandun Albasa","Female","disabled","NABTEB","University","17","15","10","0","0","0","1.2","2","5","10","0"
"2024/2025","North West","Kano","Kano Municipal","Gandun Albasa","Community Secondary School, Gandun Albasa","Female","disabled","NECO","University","39","34","23","7","5","0","1.2","5","11","16","2"
"2024/2025","North West","Kano","Kano Municipal","Gandun Albasa","Community Secondary School, Gandun Albasa","Female","disabled","WAEC","University","50","44","31","6","4","0","1.2","6","13","25","2"
"2024/2025","North West","Kano","Kano Municipal","Gandun Albasa","Community Secondary School, Gandun Albasa","Male","all","NABTEB","University","203","180","122","26","11","8","1.2","23","58","96","15"
"2024/2025","North West","Kano","Kano Municipal","Gandun Albasa","Community Secondary School, Gandun Albasa","Male","all","NECO","University","428","381","253","60","36","7","1.2","47","128","193","24"
"2024/2025","North West","Kano","Kano Municipal","Gandun Albasa","Community Secondary School, Gandun Albasa","Male","all","WAEC","University","492","437","311","94","61","7","1.2","55","126","218","33"
"2024/2025","North West","Kano","Kano Municipal","Gandun Albasa","Community Secondary School, Gandun Albasa","Male","disabled","NABTEB","University","27","24","16","0","0","0","1.2","3","8","16","0"
"2024/2025","North West","Kano","Kano Municipal","Gandun Albasa","Community Secondary School, Gandun Albasa","Male","disabled","NECO","University","53","47","28","7","5","0","1.2","6","19","22","2"
"2024/2025","North West","Kano","Kano Municipal","Gandun Albasa","Community Secondary School, Gandun Albasa","Male","disabled","WAEC","University","65","58","37","6","4","0","1.2","7","21","31","2"
"2024/2025","North West","Kano","Kano Municipal","Gandun Albasa","Comprehensive High School, Gandun Albasa","Female","all","NABTEB","University","122","108","82","17","11","0","1.2","14","26","65","6"
"2024/2025","North West","Kano","Kano Municipal","Gandun Albasa","Comprehensive High School, Gandun Albasa","Female","all","NECO","University","197","175","129","44","25","6","1.2","22","46","86","19"
"2024/2025","North West","Kano","Kano Municipal","Gandun Albasa","Comprehensive High School, Gandun Albasa","Female","all","WAEC","University","296","263","195","67","39","10","1.2","33","68","128","28"
"2024/2025","North West","Kano","Kano Municipal","Gandun Albasa","Comprehensive High School, Gandun Albasa","Female","disabled","NABTEB","University","17","15","10","0","0","0","1.2","2","5","10","0"
"2024/2025","North West","Kano","Kano Municipal","Gandun Albasa","Comprehensive High School, Gandun Albasa","Female","disabled","NECO","University","22","20","13","6","5","0","1.2","2","7","6","2"
"2024/2025","North West","Kano","Kano Municipal","Gandun Albasa","Comprehensive High School, Gandun Albasa","Female","disabled","WAEC","University","34","31","17","6","4","0","1.2","3","14","11","2"
"2024/2025","North West","Kano","Kano Municipal","Gandun Albasa","Comprehensive High School, Gandun Albasa","Male","all","NABTEB","University","141","125","88","26","18","0","1.2","16","37","62","8"
"2024/2025","North West","Kano","Kano Municipal","Gandun Albasa","Comprehensive High School, Gandun Albasa","Male","all","NECO","University","230","205","148","52","31","7","1.2","25","57","97","21"
"2024/2025","North West","Kano","Kano Municipal","Gandun Albasa","Comprehensive High School, Gandun Albasa","Male","all","WAEC","University","336","300","217","67","44","2","1.2","36","83","150","23"
"2024/2025","North West","Kano","Kano Municipal","Gandun Albasa","Comprehensive High School, Gandun Albasa","Male","disabled","NABTEB","University","18","16","11","8","5","0","1.2","2","5","3","3"
"2024/2025","North West","Kano","Kano Municipal","Gandun Albasa","Comprehensive High School, Gandun Albasa","Male","disabled","NECO","University","28","25","14","7","5","0","1.2","3","11","7","2"
"2024/2025","North West","Kano","Kano Municipal","Gandun Albasa","Comprehensive High School, Gandun Albasa","Male","disabled","WAEC","University","45","40","26","6","4","0","1.2","5","14","20","2"
"2024/2025","North West","Kano","Kano Municipal","Gandun Albasa","Government Secondary School, Gandun Albasa","Female","all","NABTEB","University","221","197","138","44","25","7","1.2","24","59","95","19"
"2024/2025","North West","Kano","Kano Municipal","Gandun Albasa","Government Secondary School, Gandun Albasa","Female","all","NECO","University","403","359","259","75","41","14","1.2","44","100","184","34"
"2024/2025","North West","Kano","Kano Municipal","Gandun Albasa","Government Secondary School, Gandun Albasa","Female","all","WAEC","University","498","443","307","107","70","6","1.2","55","136","201","37"
"2024/2025","North West","Kano","Kano Municipal","Gandun Albasa","Government Secondary School, Gandun Albasa","Female","disabled","NABTEB","University","27","24","16","8","5","0","1.2","3","8","8","3"
"2024/2025","North West","Kano","Kano Municipal","Gandun Albasa","Government Secondary School, Gandun Albasa","Female","disabled","NECO","University","58","51","32","7","5","0","1.2","7","19","26","2"
"2024/2025","North West","Kano","Kano Municipal","Gandun Albasa","Government Secondary School, Gandun Albasa","Female","disabled","WAEC","University","64","57","40","13","10","0","1.2","7","17","28","3"
"2024/2025","North West","Kano","Kano Municipal","Gandun Albasa","Government Secondary School, Gandun Albasa","Male","all","NABTEB","University","216","192","144","35","18","8","1.2","24","48","109","17"
"2024/2025","North West","Kano","Kano Municipal","Gandun Albasa","Government Secondary School, Gandun Albasa","Male","all","NECO","University","428","381","272","67","41","6","1.2","47","109","205","26"
"2024/2025","North West","Kano","Kano Municipal","Gandun Albasa","Government Secondary School, Gandun Albasa","Male","all","WAEC","University","563","501","371","107","65","14","1.2","62","130","264","42"
"2024/2025","North West","Kano","Kano Municipal","Gandun Albasa","Government Secondary School, Gandun Albasa","Male","disabled","NABTEB","University","27","24","16","0","0","0","1.2","3","8","16","0"
"2024/2025","North West","Kano","Kano Municipal","Gandun Albasa","Government Secondary School, Gandun Albasa","Male","disabled","NECO","University","59","52","38","7","5","0","1.2","7","14","31","2"
"2024/2025","North West","Kano","Kano Municipal","Gandun Albasa","Government Secondary School, Gandun Albasa","Male","disabled","WAEC","University","73","65","44","6","4","0","1.2","8","21","38","2"
"2024/2025","North West","Kano","Kano Municipal","Gandun Albasa","Unity College, Kano Municipal","Female","all","NABTEB","College of Education","203","180","139","44","25","7","1.5","23","41","95","19"
"2024/2025","North West","Kano","Kano Municipal","Gandun Albasa","Unity College, Kano Municipal","Female","all","NECO","College of Education","345","307","235","82","47","14","1.4","38","72","153","35"
"2024/2025","North West","Kano","Kano Municipal","Gandun Albasa","Unity College, Kano Municipal","Female","all","WAEC","College of Education","462","411","312","100","65","7","1.4","51","99","212","35"
"2024/2025","North West","Kano","Kano Municipal","Gandun Albasa","Unity College, Kano Municipal","Female","disabled","NABTEB","College of Education","21","19","14","7","5","0","1.5","2","5","7","3"
"2024/2025","North West","Kano","Kano Municipal","Gandun Albasa","Unity College, Kano Municipal","Female","disabled","NECO","College of Education","39","34","23","7","5","0","1.4","5","11","16","2"
"2024/2025","North West","Kano","Kano Municipal","Gandun Albasa","Unity College, Kano Municipal","Female","disabled","WAEC","College of Education","59","52","40","13","10","0","1.4","7","12","27","3"
"2024/2025","North West","Kano","Kano Municipal","Gandun Albasa","Unity College, Kano Municipal","Male","all","NABTEB","College of Education","254","226","167","44","25","7","1.5","28","59","123","19"
"2024/2025","North West","Kano","Kano Municipal","Gandun Albasa","Unity College, Kano Municipal","Male","all","NECO","College of Education","437","389","282","89","52","14","1.4","48","107","193","37"
"2024/2025","North West","Kano","Kano Municipal","Gandun Albasa","Unity College, Kano Municipal","Male","all","WAEC","College of Education","593","528","384","142","91","13","1.4","65","144","243","51"
"2024/2025","North West","Kano","Kano Municipal","Gandun Albasa","Unity College, Kano Municipal","Male","disabled","NABTEB","College of Education","27","24","16","8","5","0","1.5","3","8","8","3"
"2024/2025","North West","Kano","Kano Municipal","Gandun Albasa","Unity College, Kano Municipal","Male","disabled","NECO","College of Education","49","43","29","7","5","0","1.4","6","14","22","2"
"2024/2025","North West","Kano","Kano Municipal","Gandun Albasa","Unity College, Kano Municipal","Male","disabled","WAEC","College of Education","69","61","44","13","10","0","1.4","8","17","31","3"
"2024/2025","North West","Kano","Nasarawa","Dakata","Community Secondary School, Dakata","Female","all","NABTEB","University","146","130","94","35","18","8","1.2","16","36","59","17"
"2024/2025","North West","Kano","Nasarawa","Dakata","Community Secondary School, Dakata","Female","all","NECO","University","241","215","153","59","36","6","1.2","26","62","94","23"
"2024/2025","North West","Kano","Nasarawa","Dakata","Community Secondary School, Dakata","Female","all","WAEC","University","316","281","222","74","44","8","1.2","35","59","148","30"
"2024/2025","North West","Kano","Nasarawa","Dakata","Community Secondary School, Dakata","Female","disabled","NABTEB","University","17","15","10","8","5","0","1.2","2","5","3","3"
"2024/2025","North West","Kano","Nasarawa","Dakata","Community Secondary School, Dakata","Female","disabled","NECO","University","18","16","9","7","5","0","1.2","2","7","3","2"
"2024/2025","North West","Kano","Nasarawa","Dakata","Community Secondary School, Dakata","Female","disabled","WAEC","University","24","22","17","6","4","0","1.2","2","5","11","2"
"2024/2025","North West","Kano","Nasarawa","Dakata","Community Secondary School, Dakata","Male","all","NABTEB","University","156","139","99","35","25","0","1.2","17","40","64","10"
"2024/2025","North West","Kano","Nasarawa","Dakata","Community Secondary School, Dakata","Male","all","NECO","University","295","263","206","75","47","6","1.2","32","57","131","28"
"2024/2025","North West","Kano","Nasarawa","Dakata","Community Secondary School, Dakata","Male","all","WAEC","University","397","354","268","80","50","8","1.2","43","86","188","30"
"2024/2025","North West","Kano","Nasarawa","Dakata","Community Secondary School, Dakata","Male","disabled","NABTEB","University","17","15","10","8","5","0","1.2","2","5","3","3"
"2024/2025","North West","Kano","Nasarawa","Dakata","Community Secondary School, Dakata","Male","disabled","NECO","University","22","20","13","6","5","0","1.2","2","7","6","2"
"2024/2025","North West","Kano","Nasarawa","Dakata","Community Secondary School, Dakata","Male","disabled","WAEC","University","34","31","22","6","4","0","1.2","3","9","16","2"
"2024/2025","North West","Kano","Nasarawa","Dakata","Comprehensive High School, Dakata","Female","all","NABTEB","Polytechnic","122","108","77","17","11","0","1.4","14","31","60","6"
"2024/2025","North West","Kano","Nasarawa","Dakata","Comprehensive High School, Dakata","Female","all","NECO","Polytechnic","226","201","144","37","21","6","1.3","25","57","107","16"
"2024/2025","North West","Kano","Nasarawa","Dakata","Comprehensive High School, Dakata","Female","all","WAEC","Polytechnic","276","245","163","47","31","3","1.3","31","82","116","16"
"2024/2025","North West","Kano","Nasarawa","Dakata","Comprehensive High School, Dakata","Female","disabled","NABTEB","Polytechnic","17","15","10","0","0","0","1.4","2","5","10","0"
"2024/2025","North West","Kano","Nasarawa","Dakata","Comprehensive High School, Dakata","Female","disabled","NECO","Polytechnic","28","25","19","7","5","0","1.3","3","6","12","2"
"2024/2025","North West","Kano","Nasarawa","Dakata","Comprehensive High School, Dakata","Female","disabled","WAEC","Polytechnic","34","31","17","6","4","0","1.3","3","14","11","2"
"2024/2025","North West","Kano","Nasarawa","Dakata","Comprehensive High School, Dakata","Male","all","NABTEB","Polytechnic","113","100","71","17","11","0","1.4","13","29","54","6"
"2024/2025","North West","Kano","Nasarawa","Dakata","Comprehensive High School, Dakata","Male","all","NECO","Polytechnic","216","192","134","37","21","6","1.3","24","58","97","16"
"2024/2025","North West","Kano","Nasarawa","Dakata","Comprehensive High School, Dakata","Male","all","WAEC","Polytechnic","291","259","189","53","35","3","1.3","32","70","136","18"
"2024/2025","North West","Kano","Nasarawa","Dakata","Comprehensive High School, Dakata","Male","disabled","NABTEB","Polytechnic","17","15","10","0","0","0","1.4","2","5","10","0"
"2024/2025","North West","Kano","Nasarawa","Dakata","Comprehensive High School, Dakata","Male","disabled","NECO","Polytechnic","28","25","14","7","5","0","1.3","3","11","7","2"
"2024/2025","North West","Kano","Nasarawa","Dakata","Comprehensive High School, Dakata","Male","disabled","WAEC","Polytechnic","33","30","16","6","4","0","1.3","3","14","11","2"
"2024/2025","North West","Kano","Nasarawa","Dakata","Government Secondary School, Dakata","Female","all","NABTEB","Polytechnic","189","168","116","35","18","8","1.4","21","52","81","17"
"2024/2025","North West","Kano","Nasarawa","Dakata","Government Secondary School, Dakata","Female","all","NECO","Polytechnic","438","390","272","97","57","14","1.3","48","118","176","40"
"2024/2025","North West","Kano","Nasarawa","Dakata","Government Secondary School, Dakata","Female","all","WAEC","Polytechnic","517","460","335","121","81","6","1.3","57","125","213","41"
"2024/2025","North West","Kano","Nasarawa","Dakata","Government Secondary School, Dakata","Female","disabled","NABTEB","Polytechnic","26","23","15","8","5","0","1.4","3","8","8","3"
"2024/2025","North West","Kano","Nasarawa","Dakata","Government Secondary School, Dakata","Female","disabled","NECO","Polytechnic","53","47","32","7","5","0","1.3","6","15","25","2"
"2024/2025","North West","Kano","Nasarawa","Dakata","Government Secondary School, Dakata","Female","disabled","WAEC","Polytechnic","74","66","49","13","10","0","1.3","8","17","36","3"
"2024/2025","North West","Kano","Nasarawa","Dakata","Government Secondary School, Dakata","Male","all","NABTEB","Polytechnic","240","214","161","54","32","8","1.4","26","53","107","22"
"2024/2025","North West","Kano","Nasarawa","Dakata","Government Secondary School, Dakata","Male","all","NECO","Polytechnic","503","447","326","119","73","14","1.3","56","121","207","46"
"2024/2025","North West","Kano","Nasarawa","Dakata","Government Secondary School, Dakata","Male","all","WAEC","Polytechnic","608","541","408","128","81","13","1.3","67","133","280","47"
"2024/2025","North West","Kano","Nasarawa","Dakata","Government Secondary School, Dakata","Male","disabled","NABTEB","Polytechnic","31","28","21","8","5","0","1.4","3","7","14","3"
"2024/2025","North West","Kano","Nasarawa","Dakata","Government Secondary School, Dakata","Male","disabled","NECO","Polytechnic","74","66","43","14","10","0","1.3","8","23","29","4"
"2024/2025","North West","Kano","Nasarawa","Dakata","Government Secondary School, Dakata","Male","disabled","WAEC","Polytechnic","89","79","58","13","10","0","1.3","10","21","45","3"
"2024/2025","North West","Kano","Nasarawa","Dakata","Unity College, Nasarawa","Female","all","NABTEB","College of Education","113","100","67","26","18","0","1.5","13","33","41","8"
"2024/2025","North West","Kano","Nasarawa","Dakata","Unity College, Nasarawa","Female","all","NECO","College of Education","221","197","143","52","31","7","1.4","24","54","92","21"
"2024/2025","North West","Kano","Nasarawa","Dakata","Unity College, Nasarawa","Female","all","WAEC","College of Education","296","263","186","67","44","2","1.4","33","77","119","23"
"2024/2025","North West","Kano","Nasarawa","Dakata","Unity College, Nasarawa","Female","disabled","NABTEB","College of Education","17","15","10","8","5","0","1.5","2","5","3","3"
"2024/2025","North West","Kano","Nasarawa","Dakata","Unity College, Nasarawa","Female","disabled","NECO","College of Education","18","16","9","7","5","0","1.4","2","7","3","2"
"2024/2025","North West","Kano","Nasarawa","Dakata","Unity College, Nasarawa","Female","disabled","WAEC","College of Education","24","22","13","6","4","0","1.4","2","9","7","2"
"2024/2025","North West","Kano","Nasarawa","Dakata","Unity College, Nasarawa","Male","all","NABTEB","College of Education","137","122","82","17","11","0","1.5","15","40","65","6"
"2024/2025","North West","Kano","Nasarawa","Dakata","Unity College, Nasarawa","Male","all","NECO","College of Education","230","205","152","44","25","6","1.4","25","53","108","19"
"2024/2025","North West","Kano","Nasarawa","Dakata","Unity College, Nasarawa","Male","all","WAEC","College of Education","363","322","241","80","50","8","1.4","41","81","161","30"
"2024/2025","North West","Kano","Nasarawa","Dakata","Unity College, Nasarawa","Male","disabled","NABTEB","College of Education","17","15","10","0","0","0","1.5","2","5","10","0"
"2024/2025","North West","Kano","Nasarawa","Dakata","Unity College, Nasarawa","Male","disabled","NECO","College of Education","18","16","13","7","5","0","1.4","2","3","7","2"
"2024/2025","North West","Kano","Nasarawa","Dakata","Unity College, Nasarawa","Male","disabled","WAEC","College of Education","29","26","17","6","4","0","1.4","3","9","11","2"
"2024/2025","North West","Kano","Nasarawa","Gama","Community Secondary School, Gama","Female","all","NABTEB","College of Education","113","100","71","26","18","0","1.5","13","29","45","8"
"2024/2025","North West","Kano","Nasarawa","Gama","Community Secondary School, Gama","Female","all","NECO","College of Education","197","175","133","44","25","6","1.4","22","42","89","19"
"2024/2025","North West","Kano","Nasarawa","Gama","Community Secondary School, Gama","Female","all","WAEC","College of Education","272","242","177","60","39","3","1.4","30","65","117","21"
"2024/2025","North West","Kano","Nasarawa","Gama","Community Secondary School, Gama","Female","disabled","NABTEB","College of Education","17","15","10","8","5","0","1.5","2","5","3","3"
"2024/2025","North West","Kano","Nasarawa","Gama","Community Secondary School, Gama","Female","disabled","NECO","College of Education","23","21","13","7","5","0","1.4","2","8","7","2"
"2024/2025","North West","Kano","Nasarawa","Gama","Community Secondary School, Gama","Female","disabled","WAEC","College of Education","32","29","21","6","4","0","1.4","3","8","15","2"
"2024/2025","North West","Kano","Nasarawa","Gama","Community Secondary School, Gama","Male","all","NABTEB","College of Education","98","87","67","17","11","0","1.5","11","20","50","6"
"2024/2025","North West","Kano","Nasarawa","Gama","Community Secondary School, Gama","Male","all","NECO","College of Education","192","170","115","37","21","6","1.4","22","55","78","16"
"2024/2025","North West","Kano","Nasarawa","Gama","Community Secondary School, Gama","Male","all","WAEC","College of Education","260","232","162","47","31","3","1.4","28","70","116","16"
"2024/2025","North West","Kano","Nasarawa","Gama","Community Secondary School, Gama","Male","disabled","NABTEB","College of Education","17","15","10","0","0","0","1.5","2","5","10","0"
"2024/2025","North West","Kano","Nasarawa","Gama","Community Secondary School, Gama","Male","disabled","NECO","College of Education","18","16","9","7","5","0","1.4","2","7","3","2"
"2024/2025","North West","Kano","Nasarawa","Gama","Community Secondary School, Gama","Male","disabled","WAEC","College of Education","29","26","17","6","4","0","1.4","3","9","11","2"
"2024/2025","North West","Kano","Nasarawa","Gama","Comprehensive High School, Gama","Female","all","NABTEB","College of Education","146","130","94","17","11","0","1.5","16","36","77","6"
"2024/2025","North West","Kano","Nasarawa","Gama","Comprehensive High School, Gama","Female","all","NECO","College of Education","305","272","187","52","31","7","1.4","33","85","135","21"
"2024/2025","North West","Kano","Nasarawa","Gama","Comprehensive High School, Gama","Female","all","WAEC","College of Education","417","371","262","87","55","7","1.4","46","109","176","32"
"2024/2025","North West","Kano","Nasarawa","Gama","Comprehensive High School, Gama","Female","disabled","NABTEB","College of Education","17","15","10","0","0","0","1.5","2","5","10","0"
"2024/2025","North West","Kano","Nasarawa","Gama","Comprehensive High School, Gama","Female","disabled","NECO","College of Education","22","20","13","0","0","0","1.4","2","7","13","0"
"2024/2025","North West","Kano","Nasarawa","Gama","Comprehensive High School, Gama","Female","disabled","WAEC","College of Education","32","29","21","6","4","0","1.4","3","8","15","2"
"2024/2025","North West","Kano","Nasarawa","Gama","Comprehensive High School, Gama","Male","all","NABTEB","College of Education","178","159","110","26","18","0","1.5","19","49","84","8"
"2024/2025","North West","Kano","Nasarawa","Gama","Comprehensive High School, Gama","Male","all","NECO","College of Education","314","280","186","59","36","6","1.4","34","94","128","23"
"2024/2025","North West","Kano","Nasarawa","Gama","Comprehensive High School, Gama","Male","all","WAEC","College of Education","467","416","280","67","39","10","1.4","51","136","213","28"
"2024/2025","North West","Kano","Nasarawa","Gama","Comprehensive High School, Gama","Male","disabled","NABTEB","College of Education","17","15","10","0","0","0","1.5","2","5","10","0"
"2024/2025","North West","Kano","Nasarawa","Gama","Comprehensive High School, Gama","Male","disabled","NECO","College of Education","28","25","14","7","5","0","1.4","3","11","7","2"
"2024/2025","North West","Kano","Nasarawa","Gama","Comprehensive High School, Gama","Male","disabled","WAEC","College of Education","40","35","22","0","0","0","1.4","5","13","22","0"
"2024/2025","North West","Kano","Nasarawa","Gama","Government Secondary School, Gama","Female","all","NABTEB","University","189","168","127","44","25","7","1.2","21","41","83","19"
"2024/2025","North West","Kano","Nasarawa","Gama","Government Secondary School, Gama","Female","all","NECO","University","359","319","235","75","47","6","1.2","40","84","160","28"
"2024/2025","North West","Kano","Nasarawa","Gama","Government Secondary School, Gama","Female","all","WAEC","University","557","496","354","122","74","14","1.2","61","142","232","48"
"2024/2025","North West","Kano","Nasarawa","Gama","Government Secondary School, Gama","Female","disabled","NABTEB","University","17","15","10","8","5","0","1.2","2","5","3","3"
"2024/2025","North West","Kano","Nasarawa","Gama","Government Secondary School, Gama","Female","disabled","NECO","University","39","34","23","7","5","0","1.2","5","11","16","2"
"2024/2025","North West","Kano","Nasarawa","Gama","Government Secondary School, Gama","Female","disabled","WAEC","University","49","43","30","6","4","0","1.2","6","13","24","2"
"2024/2025","North West","Kano","Nasarawa","Gama","Government Secondary School, Gama","Male","all","NABTEB","University","173","154","111","44","25","7","1.2","19","43","67","19"
"2024/2025","North West","Kano","Nasarawa","Gama","Government Secondary School, Gama","Male","all","NECO","University","364","324","253","75","41","14","1.2","40","71","178","34"
"2024/2025","North West","Kano","Nasarawa","Gama","Government Secondary School, Gama","Male","all","WAEC","University","522","465","353","115","70","14","1.2","57","112","238","45"
"2024/2025","North West","Kano","Nasarawa","Gama","Government Secondary School, Gama","Male","disabled","NABTEB","University","17","15","10","8","5","0","1.2","2","5","3","3"
"2024/2025","North West","Kano","Nasarawa","Gama","Government Secondary School, Gama","Male","disabled","NECO","University","27","24","18","7","5","0","1.2","3","6","12","2"
"2024/2025","North West","Kano","Nasarawa","Gama","Government Secondary School, Gama","Male","disabled","WAEC","University","49","43","30","6","4","0","1.2","6","13","24","2"
"2024/2025","North West","Kano","Nasarawa","Gama","Unity College, Nasarawa","Female","all","NABTEB","College of Education","102","91","71","26","18","0","1.5","11","20","45","8"
"2024/2025","North West","Kano","Nasarawa","Gama","Unity College, Nasarawa","Female","all","NECO","College of Education","181","161","115","44","25","6","1.4","20","46","71","19"
"2024/2025","North West","Kano","Nasarawa","Gama","Unity College, Nasarawa","Female","all","WAEC","College of Education","302","269","195","60","39","3","1.4","33","74","135","21"
"2024/2025","North West","Kano","Nasarawa","Gama","Unity College, Nasarawa","Female","disabled","NABTEB","College of Education","17","15","10","8","5","0","1.5","2","5","3","3"
"2024/2025","North West","Kano","Nasarawa","Gama","Unity College, Nasarawa","Female","disabled","NECO","College of Education","22","20","13","6","5","0","1.4","2","7","6","2"
"2024/2025","North West","Kano","Nasarawa","Gama","Unity College, Nasarawa","Female","disabled","WAEC","College of Education","32","29","21","6","4","0","1.4","3","8","15","2"
"2024/2025","North West","Kano","Nasarawa","Gama","Unity College, Nasarawa","Male","all","NABTEB","College of Education","108","96","71","17","11","0","1.5","12","25","54","6"
"2024/2025","North West","Kano","Nasarawa","Gama","Unity College, Nasarawa","Male","all","NECO","College of Education","206","183","134","52","31","7","1.4","23","49","82","21"
"2024/2025","North West","Kano","Nasarawa","Gama","Unity College, Nasarawa","Male","all","WAEC","College of Education","280","249","188","60","39","3","1.4","31","61","129","21"
"2024/2025","North West","Kano","Nasarawa","Gama","Unity College, Nasarawa","Male","disabled","NABTEB","College of Education","17","15","10","0","0","0","1.5","2","5","10","0"
"2024/2025","North West","Kano","Nasarawa","Gama","Unity College, Nasarawa","Male","disabled","NECO","College of Education","22","20","13","6","5","0","1.4","2","7","6","2"
"2024/2025","North West","Kano","Nasarawa","Gama","Unity College, Nasarawa","Male","disabled","WAEC","College of Education","32","29","21","6","4","0","1.4","3","8","15","2"
"2024/2025","North West","Kano","Nasarawa","Gawuna","Community Secondary School, Gawuna","Female","all","NABTEB","University","98","87","67","26","18","0","1.2","11","20","41","8"
"2024/2025","North West","Kano","Nasarawa","Gawuna","Community Secondary School, Gawuna","Female","all","NECO","University","166","148","110","44","25","6","1.2","18","38","67","19"
"2024/2025","North West","Kano","Nasarawa","Gawuna","Community Secondary School, Gawuna","Female","all","WAEC","University","236","210","150","53","35","3","1.2","26","60","97","18"
"2024/2025","North West","Kano","Nasarawa","Gawuna","Community Secondary School, Gawuna","Female","disabled","NABTEB","University","18","16","11","8","5","0","1.2","2","5","3","3"
"2024/2025","North West","Kano","Nasarawa","Gawuna","Community Secondary School, Gawuna","Female","disabled","NECO","University","18","16","13","7","5","0","1.2","2","3","7","2"
"2024/2025","North West","Kano","Nasarawa","Gawuna","Community Secondary School, Gawuna","Female","disabled","WAEC","University","27","24","16","6","4","0","1.2","3","8","10","2"
"2024/2025","North West","Kano","Nasarawa","Gawuna","Community Secondary School, Gawuna","Male","all","NABTEB","University","98","87","67","17","11","0","1.2","11","20","50","6"
"2024/2025","North West","Kano","Nasarawa","Gawuna","Community Secondary School, Gawuna","Male","all","NECO","University","152","135","100","30","14","7","1.2","17","35","70","16"
"2024/2025","North West","Kano","Nasarawa","Gawuna","Community Secondary School, Gawuna","Male","all","WAEC","University","226","201","150","53","35","3","1.2","25","51","97","18"
"2024/2025","North West","Kano","Nasarawa","Gawuna","Community Secondary School, Gawuna","Male","disabled","NABTEB","University","18","16","11","0","0","0","1.2","2","5","11","0"
"2024/2025","North West","Kano","Nasarawa","Gawuna","Community Secondary School, Gawuna","Male","disabled","NECO","University","18","16","13","7","5","0","1.2","2","3","7","2"
"2024/2025","North West","Kano","Nasarawa","Gawuna","Community Secondary School, Gawuna","Male","disabled","WAEC","University","27","24","16","6","4","0","1.2","3","8","10","2"
"2024/2025","North West","Kano","Nasarawa","Gawuna","Comprehensive High School, Gawuna","Female","all","NABTEB","Polytechnic","137","122","88","26","18","0","1.4","15","34","62","8"
"2024/2025","North West","Kano","Nasarawa","Gawuna","Comprehensive High School, Gawuna","Female","all","NECO","Polytechnic","281","250","182","67","41","6","1.3","31","68","115","26"
"2024/2025","North West","Kano","Nasarawa","Gawuna","Comprehensive High School, Gawuna","Female","all","WAEC","Polytechnic","321","286","212","67","39","10","1.3","35","74","145","28"
"2024/2025","North West","Kano","Nasarawa","Gawuna","Comprehensive High School, Gawuna","Female","disabled","NABTEB","Polytechnic","18","16","11","0","0","0","1.4","2","5","11","0"
"2024/2025","North West","Kano","Nasarawa","Gawuna","Comprehensive High School, Gawuna","Female","disabled","NECO","Polytechnic","32","29","18","7","5","0","1.3","3","11","11","2"
"2024/2025","North West","Kano","Nasarawa","Gawuna","Comprehensive High School, Gawuna","Female","disabled","WAEC","Polytechnic","44","39","25","6","4","0","1.3","5","14","20","2"
"2024/2025","North West","Kano","Nasarawa","Gawuna","Comprehensive High School, Gawuna","Male","all","NABTEB","Polytechnic","137","122","88","17","11","0","1.4","15","34","71","6"
"2024/2025","North West","Kano","Nasarawa","Gawuna","Comprehensive High School, Gawuna","Male","all","NECO","Polytechnic","266","236","163","52","31","7","1.3","30","73","111","21"
"2024/2025","North West","Kano","Nasarawa","Gawuna","Comprehensive High School, Gawuna","Male","all","WAEC","Polytechnic","326","290","204","60","39","3","1.3","36","86","144","21"
"2024/2025","North West","Kano","Nasarawa","Gawuna","Comprehensive High School, Gawuna","Male","disabled","NABTEB","Polytechnic","18","16","11","0","0","0","1.4","2","5","11","0"
"2024/2025","North West","Kano","Nasarawa","Gawuna","Comprehensive High School, Gawuna","Male","disabled","NECO","Polytechnic","32","29","18","7","5","0","1.3","3","11","11","2"
"2024/2025","North West","Kano","Nasarawa","Gawuna","Comprehensive High School, Gawuna","Male","disabled","WAEC","Polytechnic","49","43","30","6","4","0","1.3","6","13","24","2"
"2024/2025","North West","Kano","Nasarawa","Gawuna","Government Secondary School, Gawuna","Female","all","NABTEB","Polytechnic","203","180","127","35","25","0","1.4","23","53","92","10"
"2024/2025","North West","Kano","Nasarawa","Gawuna","Government Secondary School, Gawuna","Female","all","NECO","Polytechnic","439","391","269","75","41","14","1.3","48","122","194","34"
"2024/2025","North West","Kano","Nasarawa","Gawuna","Government Secondary School, Gawuna","Female","all","WAEC","Polytechnic","508","452","330","100","65","7","1.3","56","122","230","35"
"2024/2025","North West","Kano","Nasarawa","Gawuna","Government Secondary School, Gawuna","Female","disabled","NABTEB","Polytechnic","18","16","11","8","5","0","1.4","2","5","3","3"
"2024/2025","North West","Kano","Nasarawa","Gawuna","Government Secondary School, Gawuna","Female","disabled","NECO","Polytechnic","44","39","23","7","5","0","1.3","5","16","16","2"
"2024/2025","North West","Kano","Nasarawa","Gawuna","Government Secondary School, Gawuna","Female","disabled","WAEC","Polytechnic","50","44","26","6","4","0","1.3","6","18","20","2"
"2024/2025","North West","Kano","Nasarawa","Gawuna","Government Secondary School, Gawuna","Male","all","NABTEB","Polytechnic","221","197","139","26","11","8","1.4","24","58","113","15"
"2024/2025","North West","Kano","Nasarawa","Gawuna","Government Secondary School, Gawuna","Male","all","NECO","Polytechnic","477","425","287","67","36","14","1.3","52","138","220","31"
"2024/2025","North West","Kano","Nasarawa","Gawuna","Government Secondary School, Gawuna","Male","all","WAEC","Polytechnic","578","514","367","107","65","14","1.3","64","147","260","42"
"2024/2025","North West","Kano","Nasarawa","Gawuna","Government Secondary School, Gawuna","Male","disabled","NABTEB","Polytechnic","18","16","11","0","0","0","1.4","2","5","11","0"
"2024/2025","North West","Kano","Nasarawa","Gawuna","Government Secondary School, Gawuna","Male","disabled","NECO","Polytechnic","44","39","23","7","5","0","1.3","5","16","16","2"
"2024/2025","North West","Kano","Nasarawa","Gawuna","Government Secondary School, Gawuna","Male","disabled","WAEC","Polytechnic","54","48","30","6","4","0","1.3","6","18","24","2"
"2024/2025","North West","Kano","Nasarawa","Gawuna","Unity College, Nasarawa","Female","all","NABTEB","College of Education","193","171","122","35","18","8","1.5","22","49","87","17"
"2024/2025","North West","Kano","Nasarawa","Gawuna","Unity College, Nasarawa","Female","all","NECO","College of Education","344","306","224","82","47","14","1.4","38","82","143","35"
"2024/2025","North West","Kano","Nasarawa","Gawuna","Unity College, Nasarawa","Female","all","WAEC","College of Education","568","505","367","128","81","13","1.4","63","138","239","47"
"2024/2025","North West","Kano","Nasarawa","Gawuna","Unity College, Nasarawa","Female","disabled","NABTEB","College of Education","18","16","11","8","5","0","1.5","2","5","3","3"
"2024/2025","North West","Kano","Nasarawa","Gawuna","Unity College, Nasarawa","Female","disabled","NECO","College of Education","32","29","18","7","5","0","1.4","3","11","11","2"
"2024/2025","North West","Kano","Nasarawa","Gawuna","Unity College, Nasarawa","Female","disabled","WAEC","College of Education","50","44","26","6","4","0","1.4","6","18","20","2"
"2024/2025","North West","Kano","Nasarawa","Gawuna","Unity College, Nasarawa","Male","all","NABTEB","College of Education","203","180","122","35","25","0","1.5","23","58","87","10"
"2024/2025","North West","Kano","Nasarawa","Gawuna","Unity College, Nasarawa","Male","all","NECO","College of Education","407","363","268","75","47","6","1.4","44","95","193","28"
"2024/2025","North West","Kano","Nasarawa","Gawuna","Unity College, Nasarawa","Male","all","WAEC","College of Education","632","563","389","128","81","13","1.4","69","174","261","47"
"2024/2025","North West","Kano","Nasarawa","Gawuna","Unity College, Nasarawa","Male","disabled","NABTEB","College of Education","18","16","11","8","5","0","1.5","2","5","3","3"
"2024/2025","North West","Kano","Nasarawa","Gawuna","Unity College, Nasarawa","Male","disabled","NECO","College of Education","44","39","29","7","5","0","1.4","5","10","22","2"
"2024/2025","North West","Kano","Nasarawa","Gawuna","Unity College, Nasarawa","Male","disabled","WAEC","College of Education","64","57","36","6","4","0","1.4","7","21","30","2"
